id,book,alignments,ch_match
JK000098,1327AhmadIbrahimCisa.TawdihMaqasid,1,136
JK000110,0256Bukhari.Sahih,4,594
JK000130,0303Nasai.SunanSughra,3,431
JK000195,0851IbnQadiShuhba.TabaqatShaficiyya,1,105
JK000201,1353IbnCabdRahimMubarakfuri.TuhfatAhwadhi,3,487
JK000208,1221IbnMuhammadBujayrimiMisri.TajridLiNafcCabid,1,252
JK000216,1120IbnMuhammadBurhanDinDimashqi.BayanWaTacrif,1,114
JK000233,0761IbnKaykaldiCalai.TahqiqMurad,11,2472
JK000271,0804IbnMulaqqin.TuhfatMuhtaj,1,154
JK000291,0977KhatibShirbini.Iqnac,1,256
JK000299,0861IbnHumam.SharhFathQadir,1,83
JK000362,0728IbnTaymiyya.DarTacarud,2,960
JK000368,0728IbnTaymiyya.Safadiyya,1,114
JK000475,0303Nasai.SunanKubra,3,434
JK000508,0643DiyaDinMuqaddasi.FadailBaytMaqdis,1,169
JK000677,0204Shafici.SunanMathura,1,260
JK000781,0478ImamHaramaynJuwayni.BurhanFiUsulFiqh,1,81
JK000942,0761IbnKaykaldiCalai.FusulMufida,1,128
JK000977,0430AbuNucaymIsbahani.MusnadMustakhrajCalaSahihMuslim,1,177
JK000990,1338TahirJazairiDimashqi.TawjihNazar,3,561
JK000991,0794BadrDinZarkashi.NukatCalaMuqaddimatIbnSalah,1,182
JK000995,1182IbnIsmacilSancani.TawdihAfkar,1,139
JK001012,1250Shawkani.TuhfatDhakirin,1,115
JK001224,0538JarAllahZamakhshari.MufassalFiSuncatIcrab,2,292
JK001304,0489IbnMuhammadSamcani.QawaticAdilla,9,1430
JK001465,0606FakhrDinRazi.MacalimUsulDin,1,175
JK005200,0743FakhrDinZaylaci.TabyinHaqaiq,1,178
JK006879,1206IbnCabdWahhab.ArbacQawacidTaduruAhkamCalayha,1,132
JK006897,1206IbnCabdWahhab.Hadith,3,754
JK006950,0728IbnTaymiyya.RasailWaFatawa,13,4824
JK007001,0306Wakic.AkhbarQudat,1,28
JK007005,0478ImamHaramaynJuwayni.TalkhisFiUsulFiqh,9,1256
JK007036,0686IbnZakariyaManbiji.LubabFiJamc,3,438
JK007064,1307Qannawji.RawdaNadiyya,2,270
JK007065,0488IbnFutuhHumaydi.JamcBaynaSahihayn,5,776
JK007081,1094IbnMusaKaffawi.Kulliyat,1,155
JK007083,0744IbnCabdHadi.MuharrirFiHadith,3,536
JK007107,0676Nawawi.KhulasatAhkam,1,83
JK009151,0771TajDinSubki.RafcHajib,31,4999
JK009218,0483IbnAhmadSarakhsi.SharhSiyarKabir,1,193
JK009237,0638IbnCarabi.FutuhatMakkiyya,1,113
JK009266,0800IbnCadilHanbali.LubabFiCulumKitab,1,125
JK009279,0926ZakariyyaAnsari.GhayatWusul,1,239
JK009324,0449IbnBattalQurtubi.SharhSahihBukhari,3,346
JK009390,1423CabbasAhmadSaqr.JamicAhadith,2,328
JK009396,0450AbuHasanMawardi.NukatWaCuyun,1,127
JK010001,1225IbnNasirNajdi.FawakihCidhab,5,833
JK010672,0425RaqiqQayruwani.QutbSurur,1,138
JK011044,0758NajmDinTarsusi.TuhfatTurk,1,134
JK011225,1014MullaCaliQari.SharhMusnadAbiHanifa,1,151
JK011690BK2,0786IbnMuhammadBabarti.CinayaSharhHidaya,1,219
Kraken210323052121,1420AbuHasanNadwi.QawacidFiqhiyya,1,173
Kraken210323052149,1424YacqubBaHusayn.QawacidFiqhiyya,1,250
Kraken21033110,0761IbnKaykaldiCalai.MajmucMudhhab,3,588
Kraken210422114223,1406SubhiMahmasani.FalsafatTashric,1,181
Kraken2108092202141,0200AbuGhanimKhurasani.MudawwanaKubra,1,108
Kraken211005012007,0775Anonymous.InsafFiIntisaf,1,89
Kraken211201162527,1429MustafaSacidKhinn.IkhtilafAthar,64,18066
Kraken22021606122003,0816IbnMuhammadSharifJurjani.SharhMawaqifBK8,1,114
Kraken22021606123100,0895AbuCabdAllahSanusi.SharhMuqaddimat,1,326
Kraken220314171616,0864IbnAhmadJalalDinMahalli.KanzRaghibin,1,127
Kraken220413030809,0758Maqqari.Qawacid,1,148
LMN20200928,0750IbnLuyunTujibi.InalaCilmiyya,1,258
Masaha001838,0497IbnFarajIbnTallacQurtubi.AqdiyatRasul,1,164
Masaha001864Vols,0845Maqrizi.ImtacAsmac,2,203
Masaha002308Vols,0734IbnSayyidNas.CuyunAthar,1,159
Masaha003448Vols,0436SharifMurtada.Dharica,2,380
Masaha003619,0726CallamaHilli.TahdhibWusul,6,859
Masaha004768Vols,0726CallamaHilli.NihayatWusul,897,257077
Rafed0000040Vols,1450JacfarSubhani.BuhuthFiMilalWaNihal,1,215
Rafed0001325,1023MuhammadAminAstarabadi.FawaidMadaniyya,3,2340
Rafed0001713Vols,0988FathAllahKashani.ZubdatTafasir,1,126
Rafed0001792Vols,0730NizamDinNaysaburi.GharaibQuran,2,305
Rafed0002679Vols,1407MuhammadCaliMudarrisAfghani.MudarrisAfdal,4,536
Rafed0002905Vols,1393MuhammadTahirIbnCashurTunisi.TahrirWaTanwir,3,316
Rafed0003257Vols,1431MuhammadHusaynFadlAllah.TafsirMinWahyQuran,1,126
Rafed0003376Vols,0631SayfDinAmidi.AbkarAfkar,42,6898
Rafed0003462,0606FakhrDinRazi.QadaWaQadar,2,262
Rafed0003481,0631SayfDinAmidi.GhayatMaram,1,103
Rafed0003571Vols,0456IbnHazm.FisalFiMilal,1,136
Rafed0003793Vols,0436SharifMurtada.NafaisTawil,1,231
Rafed0003902Vols,1332IbnMuhammadJamalDinQasimi.MahasinTawil,2,203
Rafed0003943Vols,0606RuzbihanBaqli.CaraisBayan,1,126
Rafed002622,1231HusaynQummi.QawaninUsul,5,779
Sham19Y0001469,1347HasanSinawani.AslJamic,1,146
Sham19Y0001734,0739CalaDinIbnBalban.Ihsan,3,434
Sham19Y0006684,0474IbnKhalafBaji.MuntaqaSharhMuwatta,3,410
Sham19Y0011194,0600CabdGhaniMuqaddasi.CumdatAhkam,1,124
Sham19Y0013223,0656IbnCabdQawiMundhiri.TarghibWaTarhib,1,70
Sham19Y0013241,0606IbnAthirMajdDin.Shafi,4,553
Sham19Y0013252,0804IbnMulaqqin.Tawdih,6,924
Sham19Y0013301,0643IbnYacish.SharhMufassal,1,132
Sham19Y0013572,0560WazirIbnHubayraShaybani.Ifsah,3,408
Sham19Y0013577,0623AbuQasimRafici.SharhKabir,3,359
Sham19Y0013605,0786ShamsDinKirmani.Kawakib,3,443
Sham19Y0013614,0685NasirDinBaydawi.TuhfatAbrar,1,143
Sham19Y0013667,0855BadrDinCayni.NukhabAfkar,3,742
Sham19Y0013783,0808MuhammadDamiri.NajmWahhaj,3,346
Sham19Y0013785,1240CuthmanIbnJamic.FawaidMuntakhabat,2,299
Sham19Y0013791,0616CaliIbnIsmacilAbyari.TahqiqWaBayan,1,389
Sham19Y0014032,0732IbnCumarBurhanDinJacbari.RusukhAhbar,6,869
Sham19Y0014103,0510AbuKhattabKalwadhani.TamhidhFiUsulFiqh,16,2464
Sham19Y0014119,0510IbnMascudBaghawi.MasabihSunna,3,420
Sham19Y0014224,0724IbnCattar.CuddaFiSharhCumda,2,208
Sham19Y0014252,0826IbnCiraqi.GhaythHamic,5,598
Sham19Y0014280,0684ShihabDinQarafi.NafaisUsul,196,44481
Sham19Y0014313,0899Rajraji.RafcNiqab,31,5482
Sham19Y0014325,0710IbnRifca.Kifaya,2,266
Sham19Y0014328,1348MuhammadSulaymanMansurpuri.RahmatCalamin,1,126
Sham19Y0014462,0463IbnCabdBarr.TaqassiHadithFiMuwatta,3,429
Sham19Y0014467,0422QadiCabdWahhabThaclabi.CuyunMasail,1,76
Sham19Y0014469,0616MuhibbDinCukbari.IttihafHadith,1,303
Sham19Y0014579,1377MuhammadKhidrHusayn.AcmalKamila,2,231
Sham19Y0014601,1346KhalilAhmadSaharanpuri.BadhlMajhud,1,87
Sham19Y0014827,0825IbnNurDin.TaysirBayan,2,210
Sham19Y0016555,0774IbnKathir.MusnadCumarIbnKhattab,1,175
Sham19Y0016562,0715SafiHindi.NihayatWusul,211,38260
Sham19Y0016584,0893IbnIsmacilShihabDinKurani.KawtharJari,3,502
Sham19Y0016599,0734IbnSayyidNas.NafhShadhi,6,1001
Sham19Y0016772,1088IbnAhmadKhalwati.HashiyaCalaMuntahaIradat,2,259
Sham19Y0016928,0761IbnKaykaldiCalai.MajmucRasail,3,513
Sham19Y0016934,0502CabdWahidRuyani.BahrMadhhab,1,97
Sham19Y0016946,0388AbuSulaymanKhattabi.AclamHadith,1,182
Sham19Y0016976,0727MuzhiriZaydani.Mafatih,2,278
Sham19Y0016983,0885IbnSulaymanCalaDinMardawi.TahrirManqul,1,82
Sham19Y0017437,1188ShamsDinSaffarini.KashfLitham,2,346
Sham19Y0017581,0728IbnTaymiyya.Tisciniyya,2,478
Sham19Y0017616,0656IbnCabdQawiMundhiri.MukhtasarSahihMuslim,4,793
Sham19Y0017729,0581IbnKharratIshbili.AhkamSughra,4,725
Sham19Y0017745,0804IbnMulaqqin.Mucin,1,116
Sham19Y0017747,1119IbnMuhammadMaghribi.BadrTamam,3,572
Sham19Y0017757,0852IbnHajarCasqalani.BulughMaram,3,451
Sham19Y0017798,0751IbnQayyimJawziyya.AclamMuwaqqicin,10,1852
Sham19Y0017811,0805SirajDinBulqini.Fawaid,1,419
Sham19Y0017827,0505Ghazali.ShifaGhalil,2,181
Sham19Y0017874,0741IbnAhmadGharnatiKalbi.TaqribWusul,1,106
Sham19Y0017881,0786IbnMuhammadBabarti.SharhMukhtasarIbnHajib,30,5418
Sham19Y0017883,0403AbuBakrBaqillani.TaqribWaIrshad,5,787
Sham19Y0017903,0581IbnKharratIshbili.AhkamWusta,5,823
Sham19Y0017905,0606IbnAthirMajdDin.Badic,4,605
Sham19Y0018100,0702IbnDaqiqCidQushayri.SharhIlmamBiAhadith,6,835
Sham19Y0018103,0831ShamsDinBirmawi.Lamic,4,597
Sham19Y0018106,0926ZakariyyaAnsari.MinhatBari,4,601
Sham19Y0018144,0316IbnIshaqIsfaraini.Musnad,6,1075
Sham19Y0018146,0673IbnBuzayza.RawdatMustabin,1,239
Sham19Y0018159,0751IbnQayyimJawziyya.TuruqHukmiyya,1,143
Sham19Y0018176,0911Suyuti.Tawshih,4,590
Sham19Y0018259,0792SadrDinIbnAbiCizzAdhraci.Tanbih,1,110
Sham19Y0018274,0874IbnImamKamiliyya.TaysirWusul,3,609
Sham19Y0018281,0715SafiHindi.Faiq,29,4342
Sham19Y0018318,0751IbnQayyimJawziyya.KalamCalaMasalatSamac,1,115
Sham19Y0018568,0716NajmDinTufi.Tacyin,1,115
Sham19Y0018570,0694MuzaffarDinIbnSacati.BadicNizam,20,3309
Sham19Y0018611,0852IbnHajarCasqalani.MuwafaqatKhubrKhabar,2,225
Sham19Y0019188,0682CabdRahmanIbnQudama.SharhKabir,3,410
Sham19Y0019235,0682SirajDinAzmawi.Tahsil,9,1446
Sham19Y0020562,0790IbnMusaGharnatiShatibi.SharhAlfiyyatIbnMalik,2,311
Sham19Y0020583,0708IbnIbrahimBaqquri.TartibFuruq,2,335
Sham19Y0020591,1138IbnCabdHadiNurDinSindi.FathWadud,1,136
Sham19Y0020638,0581IbnKharratIshbili.JamcBaynSahihayn,8,1260
Sham19Y0020643,1346CabdQadirBadran.Jawahir,1,99
Sham19Y0020699,0695AbuBarakatIbnMunajja.MumticFiSharhMuqnic,2,291
Sham19Y0020860,0684ShihabDinQarafi.CiqdManzum,7,1347
Sham19Y0020891,0743SharafDinTibi.FutuhGhayb,1,126
Sham19Y0020892,1235IbnIbrahimShinqiti.NashrBunud,8,1071
Sham19Y0020944,0656IbnCabdQawiMundhiri.MukhtasarSunanAbiDawud,1,174
Sham19Y0020983,0474IbnKhalafBaji.IsharaFiUsulFiqh,3,385
Sham19Y0021525,0643IbnSalahShahrazuri.SharhMushkilWajiz,1,130
Sham19Y0022884,0783IbnMajidMaqdisi.Muqarrar,2,372
Sham19Y0023590,1431MuhammadSayyidTantawi.TafsirWasit,2,234
Sham19Y0023608,1371AhmadMustafaMaraghi.Tafsir,1,126
Sham19Y0023618,0873AbuZaydThacalibi.JawahirHisan,2,281
Sham19Y0029560,0947BamakhramaHimyari.QiladatNahr,1,145
Sham19Y0032193,0773IbnMusaRahuni.TuhfatMasul,54,11541
Sham19Y0032197,0957ShihabDinRamli.FathRahman,1,259
Sham19Y0032476,0831ShamsDinBirmawi.FawaidSaniyya,17,2438
Sham19Y0036110,0856IbnDawudHanbali.KanzAkbar,1,141
Sham19Y0037618,0852IbnHajarCasqalani.MatalibCaliyya,2,375
Sham19Y0039268,0458Bayhaqi.MadkhalIlaCilmSunan,4,563
Sham19Y0098083,0834IbnHamzaFanari.FusulBadaic,6,692
Sham19Y0122096,1182IbnIsmacilSancani.Tanwir,2,186
Sham19Y0122142,0794BadrDinZarkashi.TashnifMasamic,9,1211
Sham19Y0122232,0513AbuWafaIbnCaqil.WadihFiUsulFiqh,70,14651
Sham19Y0122256,0763IbnMuflihHanbaliMuqaddasi.UsulFiqh,45,6707
Sham19Y0122257,0743SharafDinTibi.SharhMishkat,1,116
Sham19Y0122401,0543IbnCarabiIshbili.QabasFiSharhMuwatta,3,480
Sham19Y0122406,0544QadiCiyad.IkmalMuclim,21,4071
Sham19Y0123510,0623AbuQasimRafici.SharhMusnadShafici,4,781
Sham19Y0123608,0852IbnHajarCasqalani.TalkhisHabir,5,762
Sham19Y0127654,0676Nawawi.IrshadTullabHaqaiq,5,1273
Sham19Y0127660,0532IbnCabadaDani.Ima,1,83
Sham19Y0127677,0911Suyuti.JamicKabir,7,1138
Sham19Y0127698,0928MujirDinCulaymi.TarikhMuctabar,1,78
Sham19Y0127700,0797IbnCaquli.Rasf,1,163
Sham19Y0127713,1171CuthmanKamakhi.Muhayya,2,254
Sham19Y0127717,0883AbuBakrJuraci.SharhMukhtasarUsulFiqh,60,10500
Sham19Y0131336,0458Bayhaqi.Khilafiyyat,2,517
Sham19Y0131521,0844IbnHusaynIbnRaslanRamli.SharhSunanAbiDawud,3,407
Sham19Y0132415,0893IbnIsmacilShihabDinKurani.DurarLawamic,22,2911
Sham19Y0132524,0656AbuCabbasAnsariQurtubi.Mufhim,5,703
Sham19Y0132620,0538JarAllahZamakhshari.RuusMasail,1,110
Sham19Y0132962,0874BadrDinIbnQadiShuhba.BidayatMuhtaj,1,263
Sham19Y0132965,1025IbnQadiMaknasi.DurratHijal,1,278
Sham19Y0133362,0552CalaUsmandi.Badhl,4,865
Sham19Y0133367,0543IbnCarabiIshbili.NasikhWaMansukh,1,166
Sham19Y0133411,0756CadudDinIji.SharhCadud,74,12593
Sham19Y0145168,0645TilimsaniBurri.SharhMacalim,12,1570
Sham19Y0145212,1052CabdHaqqDihlawi.LumcatTanqih,1,116
Sham19Y0146127,0748Dhahabi.Muhadhdhab,8,1277
Sham19Y0147104,0756TaqiDinSubki.Ibhaj,86,15631
Sham19Y0147313,0805BahramDamiri.TahbirMukhtasar,1,264
Sham19Y0147662,0739SafiDinHanbali.QawacidUsul,1,194
Sham19Y0147669,0728IbnTaymiyya.QacidaFiQatlKuffar,1,102
Sham19Y0147913,0771SharifTilimsani.MiftahWusul,1,140
Sham19Y0148271,0597IbnJawzi.JamicMasanid,2,327
Sham19Y0148486,0458Bayhaqi.SunanKubra,8,1353
Sham19Y0150599,0794BadrDinZarkashi.SalasilDhahab,12,2097
Sham19Y0150676,0942KhalilTatai.JawahirDurar,12,5654
Sham19Y0150960,1150IbnCaqila.Ziyada,1,175
Sham19Y0151100,0319IbnMundhirNaysaburi.Ijmac,3,892
ShamAY0000055,1359CabdHamidIbnBadis.Tafsir,1,113
ShamAY0001226,0597IbnJawzi.NawasikhQuran,1,176
ShamAY0031578,0606FakhrDinRazi.MafatihGhayb,4,660
ShamAY0031687,0311IbnKhuzaymaNaysaburi.Sahih,1,204
ShamAY0031806,0422QadiCabdWahhabThaclabi.Macuna,1,134
ShamAY0032376,0972IbnMahmudAmirBadishahBukhari.TaysirTahrir,7,1099
ShamAY0032665,0316IbnIshaqIsfaraini.Mustakhraj,6,1079
ShamAY0032891,0348IbnSalmanNajjad.Hadith,1,69
ShamAY0033075,0879IbnQutlubugha.TakhrijAhadith,1,272
ShamAY0033181,1014MullaCaliQari.FathBabCinaya,5,747
ShamAY0033522,0911Suyuti.TanwirHawalik,2,261
ShamAY0033567,0423AbuQasimHurfi.Amali,1,171
ShamAY0033660,0911Suyuti.RafcShanHubshan,1,171
ShamAY0033886,0481AnsariHarawi.DhammKalam,1,89
ShamAY0033910,0911Suyuti.SharhSunanNasai,2,268
ShamAY0033945,0405HakimNaysaburi.Mustadrak,2,203
ShamAY0034005,0517AbuNucaymHaddadIsbahani.JamicSahihayn,1,208
ShamAY0034050,0204Shafici.TafsirShafici,3,665
ShamAY0034052,0538JarAllahZamakhshari.Kashshaf,1,147
ShamAY0034054,1281IbnMuhammadShawkani.TafsirFathQadir,1,182
ShamAY0034068,0977KhatibShirbini.SirajMunir,1,145
ShamAY0034073,0885BurhanDinBiqaci.NazmDurar,2,378
ShamAY0034180,0505Ghazali.Mustasfa,38,6920
ShamAY0034195,1346CabdQadirBadran.MadkhalIlaMadhhabAhmad,6,805
ShamAY0034199,0730IbnAhmadCalaDinBukhari.KashfAsrar,87,16757
ShamAY0034200,0792IbnCumarTaftazani.SharhTalwih,8,1222
ShamAY0034230,0914IbnYahyaWansharisi.Micyar,1,158
ShamAY0034249,0450AbuHasanMawardi.HawiKabir,2,305
ShamAY0034282,0319IbnMundhirNaysaburi.AwsatFiSunan,2,331
ShamAY0035035,1205MurtadaZabidi.IthafSada,1,132
ShamAY0035249,0303Nasai.CishratNisa,1,103
ShamAY0035866,1450MuhammadMansurIbrahim.AnisFudala,1,116
ShamAY0035950,0911Suyuti.Shafi,6,803
ShamAY0036757,0415QadiCabdJabbar.TanzihQuran,1,111
ShamAY0036836,0899Rajraji.TanbihCatshan,1,139
ShamAY0037087,0837JamalDinSancani.BurudDafiya,1,101
ShamAY0037541,0940IbnSulaymanIbnKamalBasha.TaghyirTanqih,1,112
ShamAY0037566,1172MuhammadHusayniAbuSacud.CumdatNazir,2,825
ShamAY0037574,1125AnsariLaknawi.FawatihRahmut,2,405
ShamAY0037747,0774IbnMuhammadShamsDinIbnMawsili.MukhtasarSawaciqMursala,1,136
ShamAY0038067,0227IbnMansurKhurasani.Sunan,1,101
ShamAY0038135,0507IbnQaysarani.AhadithMia,1,233
ShamAY0038201,0926ZakariyyaAnsari.HashiyaCalaSharhJamcJawamic,1,195
ShamAY0038640,0458AbuYaclaIbnFarra.CuddaFiUsulFiqh,21,3427
ShamIbadiyya0000074,1200CabdAllahIbnBashirHadrami.KawkabDurri,1,179
ShamIbadiyya0000100,0570AbuYacqubWarjalani.CadlWaInsaf,2,264
ShamIbadiyya0000150,1332NurDinSalimi.SharhTalcatShams,2,257
ShamIbadiyya0000155,0170RabicIbnHabibAzdi.JamicSahih,2,253
ShamIbadiyya0000229,1332NurDinSalimi.MacarijAmal,3,592
ShamIbadiyya0000433,1332NurDinSalimi.SharhJamicSahih,1,288
ShamIbadiyya0000438,1088AbuSitta.HashiyatTartib,1,91
ShamIbadiyya0000760,0510CawtabiSuhari.Diya,1,157
ShamIbadiyya0000942,1364CamirIbnKHamisMaliki.GhayatMatlub,1,90
Shamela0000137,0795IbnRajabHanbali.FathBariFiSharhSahihBukhari,2,406
Shamela0000427BK2,0855BadrDinCayni.BinayaSharhHidaya,3,562
Shamela0000432,1450DarIftaMisriyya.FatawaDarIfta,4,516
Shamela0000551,1122MuhammadZurqani.SharhCalaMuwatta,5,614
Shamela0000727,0468IbnMuhammadMihrawani.Fawaid,1,245
Shamela0000767,0456IbnHazm.MuhallaBiAthar,4,625
Shamela0000894,1450MawqicIslam.Fatawa,4,478
Shamela0000927,0728IbnTaymiyya.MinhajSunna,1,169
Shamela0000963,1310BakriDimyati.HashiyaIcanaTalibin,1,249
Shamela0001340,0420IbnCabdAllahKhatibIskafi.DurratTanzil,1,154
Shamela0001385,0911Suyuti.Iklil,1,149
Shamela0001438,1450DarIftaMisriyya.JamicAhadith,1,158
Shamela0001673,0852IbnHajarCasqalani.FathBari,2,178
Shamela0001686,0230IbnSacd.TabaqatKubra,1,162
Shamela0001717,0684ShihabDinQarafi.Dhakhira,1,251
Shamela0001719,0463IbnCabdBarr.TamhidMuwatta,4,626
Shamela0001727,0261Muslim.Sahih,6,986
Shamela0001875,0643DiyaDinMuqaddasi.SunanWaAhkamCanMustafa,9,1442
Shamela0002022,0606FakhrDinRazi.Mahsul,39,7584
Shamela0002300,1421MuhammadCuthaymin.FatawaNurCalaDarb,3,387
Shamela0002573,1158IbnCaliFaruqiTahanawi.KashshafIstalahat,13,2131
Shamela0002863,0458Bayhaqi.MacrifatSunanWaAthar,6,942
Shamela0003055,1450CulamaNajd.DurarSaniyya,3,363
Shamela0003118,0711IbnManzurIfriqi.MukhtasarTarikhDimashq,2,253
Shamela0003328,0458Bayhaqi.AhkamQuranLiShafici,1,236
Shamela0003485,1307Qannawji.HusnUswa,3,392
Shamela0003565,1004ShamsDinRamli.NihayatMuhtaj,1,244
Shamela0004445,0774IbnKathir.Bidaya,4,647
Shamela0004473,1450JamicaIslamiyya.MajallaJIMN,15,1980
Shamela0004864,0911Suyuti.MiftahJanna,1,169
Shamela0005733,0317AbuQasimBaghawi.HadithMuscab,1,148
Shamela0005756,0855BadrDinCayni.CumdatQari,14,2360
Shamela0005803,0578IbnBashkuwal.GhawamidAsma,1,172
Shamela0005922,0804IbnMulaqqin.BadrMunir,5,758
Shamela0005963,0902Sakhawi.FathMughith,1,263
Shamela0006136,1004ShamsDinRamli.GhayatBayan,1,176
Shamela0006140,0829TaqiDinDimashqiHisni.KifayatAkhyar,3,495
Shamela0006227,0699ShihabDinIshbiliLakhmi.MukhtasarKhilafiyyat,2,368
Shamela0006319,0436IbnCaliBasri.MuctamadFiUsulFiqh,35,5814
Shamela0006320,0476AbuIshaqShirazi.MacunaFiJadal,1,133
Shamela0006336,0885IbnSulaymanCalaDinMardawi.TahbirSharhTahrir,29,4918
Shamela0006347,0761IbnKaykaldiCalai.IjmalIsaba,6,1476
Shamela0006366,1450CabdKarimKhudayr.SharhMuharrir,5,672
Shamela0006446,0535QawwamSunna.HujjaFiBayanMahajja,1,154
Shamela0006610,1276IbnAhmadRibaciSancani.FathGhaffar,6,1170
Shamela0006700,0597IbnJawzi.TalqihFuhum,1,82
Shamela0006856,1218SalihFulani.IqazHimam,1,160
Shamela0006947,1354RashidRida.Manar,1,92
Shamela0007264,1250Shawkani.DarariMudiyya,1,208
Shamela0007289,0728IbnTaymiyya.MajmucFatawa,11,4823
Shamela0007332,0772IbnHasanJamalDinIsnawi.NihayatSul,23,3471
Shamela0007370,0370IbnCaliJassas.AhkamQuran,1,111
Shamela0007502,0577AbuBarakatAnbari.AsrarCarabiyya,2,170
Shamela0007891,0510IbnMascudBaghawi.SharhSunna,6,864
Shamela0008156,0749IbnCabdRahmanShamsDinIsbahani.BayanMukhtasar,51,9201
Shamela0008176,1014MullaCaliQari.MirqatMafatih,3,356
Shamela0008206,0387IbnBattaCukbari.IbanaKubra,1,80
Shamela0008316,0852IbnHajarCasqalani.NukatCalaIbnSalah,2,346
Shamela0008360,0741KhatibTabrizi.MishkatMasabih,2,289
Shamela0008463,0620IbnQudamaMaqdisi.Mughni,5,655
Shamela0008473,0774IbnKathir.TafsirQuran,3,529
Shamela0008540,0855BadrDinCayni.SharhSunanAbiDawud,1,135
Shamela0008544,0762MughultayIbnQilij.SharhSunanIbnMaja,1,140
Shamela0008658,0327IbnAbiHatimRazi.Tafsir,1,284
Shamela0009066,0479IbnFaddalQayruwani.NukatFiQuran,1,130
Shamela0009082,0385Daraqutni.CilalWarida,1,199
Shamela0009242,1250Shawkani.NaylAwtar,12,2117
Shamela0009329,0911Suyuti.TadribRawi,1,111
Shamela0009369,0597IbnJawzi.IclamMacalim,1,136
Shamela0009508,0792IbnCumarTaftazani.TalwihCalaTawdih,10,1590
Shamela0009512,0360AbuBakrAjurri.DhammLiwat,1,126
Shamela0009569,0804IbnMulaqqin.TadhkiratMuhtaj,1,131
Shamela0009775,1342MahmudShukriAlusi.SabbCadhab,1,100
Shamela0009804,1304CabdHayyLaknawi.TacliqMumajjad,1,146
Shamela0009851,0478ImamHaramaynJuwayni.NihayatMatlab,1,107
Shamela0009924,1421MuhammadCuthaymin.FatawaArkanIslam,1,114
Shamela0009978,0774IbnKathir.TuhfatTalib,4,455
Shamela0009993,1332IbnMuhammadJamalDinQasimi.QawacidTahdith,1,169
Shamela0010273,1224IbnCajiba.BahrMadid,1,126
Shamela0010283,0733Nuwayri.NihayatArab,1,126
Shamela0010443,0795IbnRajabHanbali.JamicCulumWaHikam,1,116
Shamela0010463,0795IbnRajabHanbali.RawaicTafsir,1,121
Shamela0010517,1450MusaCaffana.Fatawa,8,1481
Shamela0010526,0729IbnMuhammadDiyaDinQurashi.MacalimQurba,1,93
Shamela0010657,0744IbnCabdHadi.TanqihTahqiq,1,113
Shamela0010765,0321Tahawi.AhkamQuran,1,251
Shamela0010781,0716NajmDinTufi.SharhMukhtasarRawda,32,5960
Shamela0011036,0806IbnHusaynZaynDinCiraqi.TarhTarthib,1,235
Shamela0011088,0761IbnKaykaldiCalai.TahqiqMunifRutba,3,389
Shamela0011210,1225IbnNasirNajdi.RasailWaFatawa,1,95
Shamela0011244,0702IbnDaqiqCidQushayri.SharhArbacinaNawawiyya,1,116
Shamela0011324,1206IbnCabdWahhab.Fatawa,1,132
Shamela0011380,1225IbnNasirNajdi.MajmucatRasail,1,167
Shamela0011428,0762IbnYusufZaylaci.NasbRaya,6,1150
Shamela0011437,1250Shawkani.IrshadFuhul,16,3023
Shamela0011444BK2,0977KhatibShirbini.MughniMuhtaj,2,279
Shamela0011468BK1,0926ZakariyyaAnsari.AsnaMatalib,2,313
Shamela0011728,0911Suyuti.Itqan,1,127
Shamela0011814,0728IbnTaymiyya.MusawwadaFiUsulFiqh,1,250
Shamela0011816,0803IbnMusaJamalDinMalati.MuctasarMinMukhtasar,2,327
Shamela0011993,1231IbnMuhammadHanafiTahtawi.HashiyaCalaMaraqi,2,260
Shamela0012010,0620IbnQudamaMaqdisi.RawdatNazir,11,1601
Shamela0012014,0676Nawawi.RiyadSalihin,1,104
Shamela0012018,0895SibtMaridini.SharhFusul,1,102
Shamela0012019,0972IbnAhmadIbnNajjarHanbali.SharhKawkabMunir,14,1926
Shamela0012036,0926ZakariyyaAnsari.FathWahhab,1,252
Shamela0012293,1421MuhammadCuthaymin.MajmucFatawa,3,497
Shamela0012399,1450CabdKarimKhudayr.SharhMuwattaMalik,4,558
Shamela0012415,0458Bayhaqi.SunanSaghir,1,186
Shamela0012836,0676Nawawi.ArbacunaNawawiyya,1,116
Shamela0012884,0911Suyuti.DurrManthur,2,409
Shamela0013033,0264IbnYahyaMuzani.SunanMathura,2,349
Shamela0013048,0463KhatibBaghdadi.FaqihWaMutafaqqih,1,148
Shamela0013150,0418HibatAllahLalikai.KaramatAwliya,1,136
Shamela0021479,0381AbuQasimJawhari.MusnadMuwatta,3,396
Shamela0021495,0204Shafici.Musnad,5,545
Shamela0021537,1420IbnBaz.MajmucFatawa,1,129
Shamela0021590,1182IbnIsmacilSancani.SubulSalam,4,696
Shamela0021593,0794BadrDinZarkashi.BahrMuhit,42,7921
Shamela0021599,1221IbnMuhammadBujayrimiMisri.TuhfatHabib,1,217
Shamela0021605,0879IbnMuhammadIbnAmirHajj.TaqrirWaTahbir,24,3987
Shamela0021608,1250IbnMuhammadCattarShafici.HashiyaCalaJamcJawamic,6,883
Shamela0021619BK2,0884AbuIshaqIbnMuflih.MubdicFiSharhMuqnic,1,272
Shamela0021623,0957ShihabDinRamli.FatawaRamli,1,135
Shamela0021642,1051IbnYunusBuhutiHanbali.KashshafQinac,1,92
Shamela0021660,1031CabdRaufMunawi.FaydQadir,1,102
Shamela0021688,1299MuhammadCulayshMaliki.FathCali,1,154
Shamela0021693,1051IbnYunusBuhutiHanbali.SharhMuntahaIradat,3,383
Shamela0021713,0751IbnQayyimJawziyya.ZadMacad,2,236
Shamela0021715,0923AhmadQastallani.IrshadSari,4,591
Shamela0021721,0558IbnAbiKhayrCimraniYamani.BayanFiMadhhabShafici,1,96
Shamela0021731,0620IbnQudamaMaqdisi.KafiFiFiqh,2,304
Shamela0021739,0595IbnRushdHafid.BidayatMujtahid,1,270
Shamela0021743,0772ShamsDinHanbaliZarqashi.SharhCalaMukhtasarKhiraqi,1,282
Shamela0021744,0861IbnHumam.FathQadir,1,83
Shamela0021809,0774IbnKathir.JamicMasanid,1,228
Shamela0021813,0684ShihabDinQarafi.SharhTanqih,2,282
Shamela0021821,0468IbnAhmadWahidiNaysaburi.WasitFiTafsir,4,523
Shamela0021843,1069ShihabDinQalyubi.HashiyataQalyubiWaCumayra,1,186
Shamela0021848BK1,0926ZakariyyaAnsari.GhurarBahiyya,1,255
Shamela0022547,0321Tahawi.SharhMushkilAthar,2,341
Shamela0022644,1450CabdKarimKhudayr.SharhBulughMaram,3,502
Shamela0022645,1450CabdKarimKhudayr.SharhCumdatAhkam,1,128
Shamela0022868,0584IbnMusaHazimi.IctibarFiNasikhWaMansukh,2,427
Shamela0022882,0761IbnKaykaldiCalai.ItharatFawaid,1,238
Shamela0023023BK2,1021ShihabDinShalabi.HashiyaCalaTabyinHaqaiq,1,113
Shamela0023423,1450CabdKarimKhudayr.SharhArbacinaNawawi,1,113
Shamela0023578,0427AbuIshaqThaclabi.KashfWaBayan,1,126
Shamela0023591,0745AbuHayyanGharnati.TafsirBahrMuhit,2,252
Shamela0023594,0373AbuLaythSamarqandi.BahrCulum,1,126
Shamela0023614,0150MuqatilIbnSulayman.TafsirMuqatil,1,126
Shamela0023623,1250Shawkani.FathQadir,3,459
Shamela0023628,0741KhazinBaghdadi.LubabTawil,2,340
Shamela0023629,0465IbnHawazinQushayri.LataifIsharat,1,126
Shamela0023680,0207Waqidi.Maghazi,1,252
Shamela0025787,0476AbuIshaqShirazi.TabsiraFiUsulFiqh,10,1891
Shamela0025794,0241IbnHanbal.Musnad,2,337
Shamela0025800,0606IbnAthirMajdDin.MucjamJamic,5,780
Shamela0026389,0771TajDinSubki.MucjamShuyukh,2,249
Shamela0026566,0459IbnMuhammadDimashqi.Fawaid,1,148
Shamela0026654,0533IbnTahirAbuQasimShahhami.CawaliMalik,1,145
Shamela0026664,0273AbuBakrAthram.NasikhHadith,1,200
Shamela0026668,0313IbnIshaqSarraj.Musnad,1,172
Shamela0028107,0179MalikIbnAnas.Muwatta,3,404
Shamela0029677,0840IbnWazirYamani.CawasimWaQawasim,1,111
Shamela0029743,0905IbnCabdRahmanIjiShafici.Tafsir,1,126
Shamela0030435,0413IbnTalhaNaccali.Fawaid,1,115
Shamela0030657,0600CabdGhaniMuqaddasi.MisbahFiCuyunSihah,1,106
Shamela0036357,0852IbnHajarCasqalani.LisanMizan,1,208
Shamela0036446,1094IbnSulaymanRudani.JamcFawaid,3,425
Shamela0036506,0535QawwamSunna.IcrabQuran,1,121
Shamela0036543,1250Shawkani.FathRabbaniMinFatawa,2,299
Shamela0037325,1450Maghrawi.MawsucatMawaqifSalaf,3,369
Shamela0037458,1307Qannawji.FathBayan,1,171
Shamela0037837,0435MuhallabAndalusi.MukhtasarNasih,2,334
Shamela0095590,0333AbuMansurMaturidi.Tafsir,2,256
Shamela0096178,1450MuhammadCijajKhatib.SunnaQablaTadwin,5,1040
Shamela0096753,0803IbnCarafaWarghami.Tafsir,1,154
Shamela0096876,1135IbnCumarTaghlibiShaybani.NaylMaarib,1,93
Shamela0117359,0275AbuDawudSijistani.Sunan,1,170
Shamela0121376,0536IbnCaliMazariTamimi.SharhTalqin,1,112
Shia000043Vols,0481IbnBarrajTarabulusi.Muhadhdhib,1,58
Shia000107Vols,0726CallamaHilli.MuntahaMatlab,1,289
Shia000111Vols,0770IbnCallamaHilli.IdahFawaid,1,158
Shia000121Vols,0786ShahidAwwal.Dhikra,2,279
Shia000234Vols,1186YusufBahraniMuhaqqiq.HadaiqNadira,2,282
Shia000298Vols,1244AhmadNaraqi.MustanadShica,2,284
Shia000317Vols,1266MuhammadHasanNajafiJawahiri.JawahirKalam,1,182
Shia000365,1281MurtadaAnsari.RasailFiqhiyya,1,140
Shia000374Vols,1281MurtadaAnsari.Tahara,2,255
Shia000384Vols,1312CaliRuzdari.TaqriratAyatAllah,2,225
Shia000819,0204Shafici.Risala,4,746
Shia000820Vols,0204Shafici.Umm,2,399
Shia000841Vols,0676Nawawi.Majmuc,8,1208
Shia001269,0260IbnShadhanAzdi.Idah,2,344
Shia001292,0413ShaykhMufid.AwailMaqalat,1,152
Shia001368,0664IbnTawus.TaraifFiMacrifatMadhahib,1,277
Shia001376,0664IbnTawus.QabasMinKitabGhiyath,2,279
Shia001414,1041MirDamad.RawashihSamawiyya,1,305
Shia001416,1098MuhammadTahirShiraziQummi.Arbacina,3,536
Shia001432Vols,1111Majlisi.BiharAnwar,3,376
Shia001544Vols,1120CaliKhanMadani.RiyadSalihin,1,113
Shia001555Vols,1306HamidHusaynLakhnawi.KhulasatCabaqatAnwar,4,476
Shia001615Vols,1405CaliShahrudi.MustadrakSafinatBihar,1,186
Shia001663Vols,1450MurtadaCaskari.MacalimMadrasatayn,1,218
Shia001764Vols,0676Nawawi.MinhajFiSharhMuslim,1,96
Shia001913Vols,0238IbnRahawayh.Musnad,2,230
Shia002003Vols,0321Tahawi.SharhMacaniAthar,1,249
Shia002119Vols,0463IbnCabdBarr.IstidhkarJamic,4,681
Shia002185Vols,0656IbnAbiHadid.SharhNahjBalagha,2,411
Shia002215Vols,0756CadudDinIji.Mawaqif,1,116
Shia002218Vols,0762IbnYusufZaylaci.TakhrijAhadith,1,115
Shia002240Vols,0852IbnHajarCasqalani.DirayaFiTakhrijAhadithHidaya,2,259
Shia002265Vols,0975MuttaqiHindi.KanzCummal,2,332
Shia002341Vols,0460ShaykhTusi.Tibyan,1,146
Shia002356Vols,0548IbnHasanTabarsi.TafsirJawamicJamic,1,125
Shia002359Vols,0548IbnHasanTabarsi.TafsirMajmacBayan,1,125
Shia002406Vols,1402SayyidTabatabai.TafsirMizan,6,813
Shia002463Vols,0204Shafici.AhkamQuran,1,125
Shia002616Vols,0671AbuCabdAllahQurtubi.JamicLiAhkamQuran,1,126
Shia002662Vols,0794BadrDinZarkashi.BurhanFiCulumQuran,1,97
Shia002702Vols,1270ShihabDinAlusi.RuhMacani,21,6029
Shia002748Vols,0460ShaykhTusi.CiddatUsul,11,2195
Shia002753,0676IbnHasanMuhaqqiqHilli.MacarijUsul,1,103
Shia002754,0726CallamaHilli.MabadiWusul,9,1355
Shia002756,1031BahaDinCamili.ZubdatUsul,3,406
Shia002757,1071FadilTuniKhurasani.Wafiya,1,138
Shia002759,1062NurDinMusawiCamili.FawaidMadaniyya,4,2340
Shia002760,1231MirzaAbuQasimQummi.QawaninUsul,3,415
Shia002761Vols,1248MuhammadTaqiRaziNajafi.HidayatMustarshidin,24,4659
Shia002764,1250MuhammadHusaynHairiTihrani.FusulGharawiyya,3,295
Shia002770Vols,1298CaliMusawiQazwini.TacliqaCalaMacalimUsul,2,210
Shia002901Vols,0370IbnCaliJassas.FusulFiUsul,15,3626
Shia002913,0476AbuIshaqShirazi.LumacFiUsulFiqh,1,125
Shia002914Vols,0483IbnAhmadSarakhsi.Usul,1,119
Shia002958,1120CaliKhanMadani.DarajatRafica,1,191
Shia003636Vols,1371MuhsinAminCamili.AcyanShica,2,258
Shia003721Vols,0774IbnKathir.QisasAnbiya,2,250
Shia003732Vols,0942IbnYusufShami.SubulHuda,3,384
Shia003996Vols,0436SharifMurtada.ShafiFiImama,1,173
Shia004010,0699IbnMaythamBahrani.QawacidMaram,1,99
Shia004014Vols,1450Milani.SharhMinhajKaramaLiHilli,3,382
Shia004020,0726CallamaHilli.NahjHaqq,3,535
Shia004025,0966ShahidThani.HaqaiqIman,2,218
Shia004456Vols,1450Milani.NafahatAzhar,14,2788
Shia004501Vols,0792IbnCumarTaftazani.SharhMaqasid,1,175
Tafsir04040,1050SadrDinShirazi.Tafsir,1,91
Tafsir06049,1332QutbAtfayyish.HamayanZad,1,178
Tafsir07055,1393MuhammadAminShanqiti.AdwaBayan,7,1038
Tafsir07076,1418MuhammadMutawalliShacrawi.Khawatir,2,262
Tafsir09084,1450MuhammadCaliSabuni.MukhtasarTafsirIbnKathir,1,221
Tafsir09085,1450MuhammadCaliSabuni.TafsirAyatAhkam,1,90
Tanzil001,0001Quran.Mushaf,1,126
Zaydiyya0000005,0614MansurCabdAllah.SafwatIkhtiyar,3,489
Zaydiyya0000015,1407CaliIbnMuhammadCujri.MiftahSacada,3,378
Zaydiyya0000017,1350IbnCaqilCalawi.NasaihKafiya,1,87
Zaydiyya0000035,1111IbnNasirMuhalla.MatmahAmal,1,153
Zaydiyya0000054,1439HamudCabbasMuayyad.NurAsna,1,90
Zaydiyya0000059,1221HusaynSiyaghi.ManhajMunir,3,380
Zaydiyya0000062,0810IbnHadi.JawharShaffaf,1,126
Zaydiyya0000079,1029QasimIbnMuhammadImam.Majmuc,1,129
Zaydiyya0000142,1390CabdHusaynAmini.Ghadir,5,2312
Zaydiyya0000153,1390MahmudAbuRayya.AdwaCalaSunna,5,961
Zaydiyya0000206,1450Anonymous.IsmacilWaIshaq,1,127
Zaydiyya0000215,1039IbnLuqman.KashifLiDhawiCuqul,2,266
Zaydiyya0000220,1450CaliKuraniCamili.AlfSual,2,381
Zaydiyya0000258,1325IbnMutahharHalabi.NahjHaqq,3,532
Zaydiyya0000266,1250Shawkani.DarariMudia,13,2925
Zaydiyya0000359,1450CabdMajidCabdRahmanHuthi.MutashabihQuran,1,137
Zaydiyya0000361,0662HusaynIbnBadrDin.ShifaUwam,1,198
Zaydiyya0000373Vols,0728IbnMutahharZaydi.CuqudCiqyan,1,94
Zaydiyya0000407,1097CaliIbnSalahIbnCaliTabari.Kafil,21,5037
Zaydiyya0000413Vols,1115IshaqIbnMuhammadCabdi.Ihtiras,2,324
Zaydiyya0000474,1450MajalisAlMuhammad.MaqalatIslamiyya,1,89