id,book,alignments,ch_match
JK000021,0458Bayhaqi.ShucabIman,3,341
JK000022,0430AbuNucaymIsbahani.HilyatAwliya,2,391
JK000024,0458Bayhaqi.FadailAwqat,1,173
JK000110,0256Bukhari.Sahih,6,1058
JK000130,0303Nasai.SunanSughra,2,289
JK000134,0852IbnHajarCasqalani.TahdhibTahdhib,1,77
JK000170,1252IbnCabidinDimashqi.RaddMuhtar,3,441
JK000195,0851IbnQadiShuhba.TabaqatShaficiyya,4,621
JK000196,1118CabdHamidShirwani.Hawashi,96,13944
JK000201,1353IbnCabdRahimMubarakfuri.TuhfatAhwadhi,10,1568
JK000208,1221IbnMuhammadBujayrimiMisri.TajridLiNafcCabid,1047,191525
JK000216,1120IbnMuhammadBurhanDinDimashqi.BayanWaTacrif,2,291
JK000221,0597IbnJawzi.TahqiqFiAhadithKhilaf,1,126
JK000271,0804IbnMulaqqin.TuhfatMuhtaj,43,6478
JK000272,0476AbuIshaqShirazi.MuhadhdhabFiFiqh,11,1958
JK000291,0977KhatibShirbini.Iqnac,353,61996
JK000295,1176ShahWaliAllahDihlawi.InsafFiBayan,1,236
JK000299,0861IbnHumam.SharhFathQadir,2,328
JK000303,0476AbuIshaqShirazi.TanbihFiFiqhShafici,3,759
JK000304,0926ZakariyyaAnsari.ManhajTullab,43,6918
JK000360,1246IbnCabdGhaniDihlawi.RisalatTawhid,1,256
JK000386,0728IbnTaymiyya.SharhCumdatFiqh,2,257
JK000417,0927Nucaymi.DarisFiMadaris,1,143
JK000475,0303Nasai.SunanKubra,8,1248
JK000477,0385Daraqutni.Sunan,5,770
JK000481,0287IbnAbiCasim.AhadWaMathani,1,138
JK000532,0748Dhahabi.TadhkiratHuffaz,3,473
JK000533,0852IbnHajarCasqalani.IsabaFiTamyiz,1,79
JK000575,0280AbuCabbasBirti.MusnadIbnCawf,1,82
JK000653,0307IbnHarunRuyani.Musnad,1,97
JK000657,0535QawwamSunna.DalailNubuwwa,1,137
JK000658,0748Dhahabi.MucinFiTabaqatMuhaddithin,1,235
JK000677,0204Shafici.SunanMathura,1,141
JK000734,0804IbnMulaqqin.KhulasatBadrMunir,29,3953
JK000785,0211CabdRazzaqSancani.Musannaf,3,363
JK000786,0235IbnAbiShayba.Musannaf,2,226
JK000787BK1,0620IbnQudamaMaqdisi.MuqnicFiFiqh,1,132
JK000916,0571IbnCasakir.TarikhDimashq,2,246
JK000977,0430AbuNucaymIsbahani.MusnadMustakhrajCalaSahihMuslim,4,554
JK001012,1250Shawkani.TuhfatDhakirin,2,333
JK001014,0676Nawawi.DaqaiqMinhaj,64,10354
JK001046,0911Suyuti.ItmamDiraya,15,4477
JK001236,0745IbnMuhammadTaqiDinIbnImam.SilahMumin,3,491
JK001244,1337MuhammadZahriGhamrawi.SirajWahhaj,1459,397598
JK001284,0456IbnHazm.HajjatWidac,3,470
JK001287,0369AbuShaykhIsbahani.AhadithAbiZubayr,1,132
JK001297,0509IbnShahridarDaylami.Firdaws,1,129
JK003608,0902Sakhawi.DawLamic,6,1477
JK005008,0682IbnYahyaGhassani.TakhrijAhadithDicaf,2,261
JK005014,1277IbnDarwishHut.AsnaMatalib,1,82
JK005200,0743FakhrDinZaylaci.TabyinHaqaiq,5,755
JK006897,1206IbnCabdWahhab.Hadith,14,2001
JK006950,0728IbnTaymiyya.RasailWaFatawa,4,650
JK007036,0686IbnZakariyaManbiji.LubabFiJamc,1,118
JK007064,1307Qannawji.RawdaNadiyya,12,1591
JK007065,0488IbnFutuhHumaydi.JamcBaynaSahihayn,12,1917
JK007074,0974IbnHajarHaytami.FatawaKubra,4,563
JK007083,0744IbnCabdHadi.MuharrirFiHadith,11,1857
JK007099,1233SulaymanSibtIbnCabdWahhab.Taysir,1,169
JK007107,0676Nawawi.KhulasatAhkam,20,3175
JK007114,1004ShamsDinRamli.HashiyatRamli,12,1805
JK007116,0806IbnHusaynZaynDinCiraqi.TaqribAsanid,1,180
JK007128,0597IbnJawzi.KashfMushkil,1,117
JK007141,1069ShihabDinQalyubi.Hashiyatan,17,1983
JK007142,0957ShihabDinRamli.HashiyatCumayra,13,1205
JK009237,0638IbnCarabi.FutuhatMakkiyya,2,420
JK009251,1316IbnCumarBantaniJawi.TanqihQawl,1,162
JK009266,0800IbnCadilHanbali.LubabFiCulumKitab,2,271
JK009279,0926ZakariyyaAnsari.GhayatWusul,3,334
JK009324,0449IbnBattalQurtubi.SharhSahihBukhari,7,1181
JK009329,0676Nawawi.BustanCarifin,1,160
JK009390,1423CabbasAhmadSaqr.JamicAhadith,6,859
JK009408,0430AbuNucaymIsbahani.MacrifatSahaba,1,129
JK010001,1225IbnNasirNajdi.FawakihCidhab,9,1251
JK010223,0756TaqiDinSubki.IbrazHikam,1,117
JK011225,1014MullaCaliQari.SharhMusnadAbiHanifa,1,134
Kraken210323052121,1420AbuHasanNadwi.QawacidFiqhiyya,1,140
Kraken21033110,0761IbnKaykaldiCalai.MajmucMudhhab,3,719
Kraken210415084119,0716IbnWakil.AshbahWaNazair,1,237
Kraken210630005153,0749IbnFadlAllahCumari.MasalikAbsar,2,247
Kraken211201162527,1429MustafaSacidKhinn.IkhtilafAthar,6,998
Kraken22021606122001,0561CabdQadirJilani.SirrAsrar,1,139
Kraken22021606122002,0561CabdQadirJilani.Tariq,1,101
Kraken220218125253,0814IbnNahhas.MasharicAshwaq,2,297
Kraken220413030759,0776MuhammadIbnHasanWasiti.MajmacAhbab,1,122
Kraken220413030809,0758Maqqari.Qawacid,1,91
Kraken220413030905,0786IbnCabdRahmanJamalDinHubayshi.Baraka,2,576
Kraken220413202953,0642IbnAbiDam.AdabQada,4,538
LMN20200928,0750IbnLuyunTujibi.InalaCilmiyya,1,115
Masaha001077,0786ShahidAwwal.Nafaliyya,1,178
Masaha001127Vols,0840QattanHilli.MacalimDin,1,96
Masaha001171Vols,0993MuhaqqiqArdabili.MajmacFaida,1,109
Masaha001863,0806IbnHusaynZaynDinCiraqi.AlfiyyatSira,6,1211
Masaha001864Vols,0845Maqrizi.ImtacAsmac,4,622
Masaha001922,0664IbnTawus.Tashrif,1,110
Masaha001946Vols,0893IbnAbiBakrHadari.BahjatMahafil,8,1205
Masaha002872,0905IbnCabdRahmanIjiShafici.FadailThaqalayn,1,71
Masaha002999Vols,1373KashifGhita.TahrirMajalla,2,266
Masaha003682Vols,0573NashwanHimyari.ShamsCulum,1,112
Masaha003955Vols,0699IbnCabdMalikMurjani.BahjatNufus,1,203
Masaha004105Vols,0827IbnIshaqKhwarizmi.ItharatTarghib,1,177
Masaha004484,0337QudamaIbnJacfar.Kharaj,1,168
Rafed0001252,0460ShaykhTusi.RasailCashar,1,169
Rafed0001792Vols,0730NizamDinNaysaburi.GharaibQuran,5,808
Rafed0002209Vols,0832TaqiFasi.CiqdThamin,1,83
Rafed0002905Vols,1393MuhammadTahirIbnCashurTunisi.TahrirWaTanwir,1,245
Rafed0003902Vols,1332IbnMuhammadJamalDinQasimi.MahasinTawil,1,94
Rafed001344,0966ShahidThani.TamhidQawacid,5,741
Sham19Y0001469,1347HasanSinawani.AslJamic,1,205
Sham19Y0001734,0739CalaDinIbnBalban.Ihsan,4,508
Sham19Y0001994,0744IbnCabdHadi.TabaqatCulama,2,321
Sham19Y0006534,0741CabdRahimZarirani.IdahDalail,1,162
Sham19Y0006538,1051IbnYunusBuhutiHanbali.MinahShafiyat,7,784
Sham19Y0006684,0474IbnKhalafBaji.MuntaqaSharhMuwatta,3,457
Sham19Y0008889,0974IbnHajarHaytami.FathMubin,57,9976
Sham19Y0011194,0600CabdGhaniMuqaddasi.CumdatAhkam,1,128
Sham19Y0013223,0656IbnCabdQawiMundhiri.TarghibWaTarhib,13,2190
Sham19Y0013241,0606IbnAthirMajdDin.Shafi,10,1596
Sham19Y0013252,0804IbnMulaqqin.Tawdih,15,2062
Sham19Y0013253,0536IbnCaliMazariTamimi.MuclimBiFawaidMuslim,1,96
Sham19Y0013256,0395IbnFarisQazwini.HilyatFuqaha,1,171
Sham19Y0013571,0428AbuCaliHashimi.IrshadIlaSabilRashad,1,145
Sham19Y0013572,0560WazirIbnHubayraShaybani.Ifsah,5,708
Sham19Y0013577,0623AbuQasimRafici.SharhKabir,341,56815
Sham19Y0013605,0786ShamsDinKirmani.Kawakib,4,499
Sham19Y0013614,0685NasirDinBaydawi.TuhfatAbrar,5,753
Sham19Y0013659,1208SulaymanJamzuriAffandi.TirazMarqum,1,164
Sham19Y0013667,0855BadrDinCayni.NukhabAfkar,13,1859
Sham19Y0013769,0804IbnMulaqqin.IclamBiFawaid,4,537
Sham19Y0013783,0808MuhammadDamiri.NajmWahhaj,1257,209109
Sham19Y0013784,0855BadrDinCayni.MinhatSuluk,2,276
Sham19Y0013785,1240CuthmanIbnJamic.FawaidMuntakhabat,13,1972
Sham19Y0013922,0458AbuYaclaIbnFarra.Tacliqa,3,393
Sham19Y0014088,0724IbnCattar.IctiqadKhalis,2,312
Sham19Y0014119,0510IbnMascudBaghawi.MasabihSunna,12,1914
Sham19Y0014153,1189ShihabDinBacli.RawdNadi,1,79
Sham19Y0014207,0620IbnQudamaMaqdisi.CumdatHazim,1,165
Sham19Y0014224,0724IbnCattar.CuddaFiSharhCumda,3,360
Sham19Y0014309,1182IbnIsmacilSancani.Tahbir,8,1001
Sham19Y0014313,0899Rajraji.RafcNiqab,1,131
Sham19Y0014324,0772IbnHasanJamalDinIsnawi.HidayaIlaAwham,2,224
Sham19Y0014325,0710IbnRifca.Kifaya,56,8768
Sham19Y0014404,0928MujirDinCulaymi.FathRahman,5,590
Sham19Y0014452,0794BadrDinZarkashi.IclamSajid,1,119
Sham19Y0014580,0772IbnHasanJamalDinIsnawi.MuhimmatFiSharhRawda,60,8129
Sham19Y0014592,1061NajmDinGhazzi.HusnTanabbuh,3,380
Sham19Y0014601,1346KhalilAhmadSaharanpuri.BadhlMajhud,13,1793
Sham19Y0014605,0919IbnGhaziMiknasi.ShifaGhalil,1,89
Sham19Y0014827,0825IbnNurDin.TaysirBayan,3,364
Sham19Y0016584,0893IbnIsmacilShihabDinKurani.KawtharJari,5,781
Sham19Y0016599,0734IbnSayyidNas.NafhShadhi,2,355
Sham19Y0016618,1188ShamsDinSaffarini.LawaihAnwar,1,120
Sham19Y0016636,0642IbnMawaq.BughyatNuqqad,3,329
Sham19Y0016684,0827BadrDinDamaminiMakhzumi.MasabihJamic,5,887
Sham19Y0016772,1088IbnAhmadKhalwati.HashiyaCalaMuntahaIradat,2,249
Sham19Y0016826,0778NazirJaysh.TamhidQawacid,1,161
Sham19Y0016934,0502CabdWahidRuyani.BahrMadhhab,6,1056
Sham19Y0016946,0388AbuSulaymanKhattabi.AclamHadith,3,375
Sham19Y0016976,0727MuzhiriZaydani.Mafatih,8,1284
Sham19Y0016983,0885IbnSulaymanCalaDinMardawi.TahrirManqul,1,161
Sham19Y0017063,0803SadrDinMunawi.KashfManahij,10,1453
Sham19Y0017091,1232MuhammadSanbawiAmir.SharhThumam,9,2031
Sham19Y0017104,0633BattalRukabi.NazmMustaczab,2,280
Sham19Y0017363,0513AbuWafaIbnCaqil.TadhkiraFiFiqh,1,116
Sham19Y0017437,1188ShamsDinSaffarini.KashfLitham,5,820
Sham19Y0017442,0628IbnQattanFasi.IhkamNaza,1,108
Sham19Y0017616,0656IbnCabdQawiMundhiri.MukhtasarSahihMuslim,10,1512
Sham19Y0017729,0581IbnKharratIshbili.AhkamSughra,15,2242
Sham19Y0017741,1284QasimiDimashqi.TacliqLatif,4,814
Sham19Y0017745,0804IbnMulaqqin.Mucin,2,324
Sham19Y0017747,1119IbnMuhammadMaghribi.BadrTamam,14,2491
Sham19Y0017757,0852IbnHajarCasqalani.BulughMaram,6,1017
Sham19Y0017768,0428AbuHusaynQuduri.Tajrid,5,787
Sham19Y0017791,0854IbnMalak.SharhMasabih,10,1640
Sham19Y0017798,0751IbnQayyimJawziyya.AclamMuwaqqicin,9,1416
Sham19Y0017811,0805SirajDinBulqini.Fawaid,2,175
Sham19Y0017812,0462QadiHusaynMarwarudhi.Tacliqa,1,99
Sham19Y0017817,0561CabdQadirJilani.Ghunya,1,203
Sham19Y0017883,0403AbuBakrBaqillani.TaqribWaIrshad,3,418
Sham19Y0017885,0510IbnMascudBaghawi.TahdhibFiqhShafici,20,3515
Sham19Y0017903,0581IbnKharratIshbili.AhkamWusta,16,2279
Sham19Y0018100,0702IbnDaqiqCidQushayri.SharhIlmamBiAhadith,3,416
Sham19Y0018103,0831ShamsDinBirmawi.Lamic,6,1005
Sham19Y0018106,0926ZakariyyaAnsari.MinhatBari,12,1690
Sham19Y0018144,0316IbnIshaqIsfaraini.Musnad,6,861
Sham19Y0018146,0673IbnBuzayza.RawdatMustabin,1,129
Sham19Y0018159,0751IbnQayyimJawziyya.TuruqHukmiyya,1,117
Sham19Y0018176,0911Suyuti.Tawshih,7,1168
Sham19Y0018192,0804IbnMulaqqin.Ashbah,3,485
Sham19Y0018259,0792SadrDinIbnAbiCizzAdhraci.Tanbih,1,99
Sham19Y0018272,1070MuhammadKibrit.SirajMunir,2,219
Sham19Y0018315,0911Suyuti.ZiyadatCalaMawducat,1,173
Sham19Y0018328,0728IbnTaymiyya.Istighatha,1,156
Sham19Y0018569,0661Turibishti.Muyassar,1,107
Sham19Y0018611,0852IbnHajarCasqalani.MuwafaqatKhubrKhabar,1,140
Sham19Y0019188,0682CabdRahmanIbnQudama.SharhKabir,15,2114
Sham19Y0019230,0805SirajDinBulqini.TadribFiFiqhShafici,159,31163
Sham19Y0019235,0682SirajDinAzmawi.Tahsil,1,132
Sham19Y0020561,0804IbnMulaqqin.CujalatMuhtaj,1597,369661
Sham19Y0020589,1033MarciKarmi.GhayatMuntaha,1,121
Sham19Y0020590,0926ZakariyyaAnsari.FathCallam,17,2572
Sham19Y0020591,1138IbnCabdHadiNurDinSindi.FathWadud,12,1640
Sham19Y0020638,0581IbnKharratIshbili.JamcBaynSahihayn,18,2785
Sham19Y0020699,0695AbuBarakatIbnMunajja.MumticFiSharhMuqnic,6,749
Sham19Y0020868,1450IbrahimNahhas.JamicIbnHanbalCilalHadith,4,535
Sham19Y0020944,0656IbnCabdQawiMundhiri.MukhtasarSunanAbiDawud,12,1702
Sham19Y0021525,0643IbnSalahShahrazuri.SharhMushkilWajiz,4,397
Sham19Y0022884,0783IbnMajidMaqdisi.Muqarrar,8,1053
Sham19Y0023608,1371AhmadMustafaMaraghi.Tafsir,1,209
Sham19Y0023618,0873AbuZaydThacalibi.JawahirHisan,1,121
Sham19Y0023625,1057IbnCallan.FutuhatRabbaniyya,8,1263
Sham19Y0026094,0510AbuKhattabKalwadhani.Hidaya,1,89
Sham19Y0029560,0947BamakhramaHimyari.QiladatNahr,27,5946
Sham19Y0032181,0693ShihabDinKhuyi.AqsaAmal,4,571
Sham19Y0032195,1232MuhammadSanbawiAmir.DawShumuc,1,163
Sham19Y0032197,0957ShihabDinRamli.FathRahman,683,157971
Sham19Y0032381,0762MughultayIbnQilij.DurrManzur,2,205
Sham19Y0032476,0831ShamsDinBirmawi.FawaidSaniyya,1,107
Sham19Y0035453,0814IbnNahhas.TanbihGhafilin,3,381
Sham19Y0037618,0852IbnHajarCasqalani.MatalibCaliyya,5,645
Sham19Y0039268,0458Bayhaqi.MadkhalIlaCilmSunan,1,147
Sham19Y0095660,1450MultipleAuthors.MaqalatMawqicDorar,1,136
Sham19Y0122096,1182IbnIsmacilSancani.Tanwir,1,126
Sham19Y0122187,0471CabdQahirJurjani.DarjDurar,1,80
Sham19Y0122257,0743SharafDinTibi.SharhMishkat,17,2935
Sham19Y0122401,0543IbnCarabiIshbili.QabasFiSharhMuwatta,1,157
Sham19Y0122406,0544QadiCiyad.IkmalMuclim,12,1821
Sham19Y0123510,0623AbuQasimRafici.SharhMusnadShafici,8,1198
Sham19Y0123581,0564CabdKhaliqIbnAsadHanafi.Mucjam,1,157
Sham19Y0123608,0852IbnHajarCasqalani.TalkhisHabir,22,3115
Sham19Y0123665,0543IbnCarabiIshbili.MasalikFiSharhMuwatta,2,355
Sham19Y0127654,0676Nawawi.IrshadTullabHaqaiq,4,837
Sham19Y0127656,0656AbuCabbasAnsariQurtubi.IkhtisarSahihBukhari,4,705
Sham19Y0127671,0826IbnCiraqi.TahrirFatawa,341,44058
Sham19Y0127677,0911Suyuti.JamicKabir,15,2199
Sham19Y0127700,0797IbnCaquli.Rasf,7,1256
Sham19Y0127703,0660SultanCulamaCizzDinDimashqi.GhayaFiIkhtisarNihaya,5,882
Sham19Y0127713,1171CuthmanKamakhi.Muhayya,1,112
Sham19Y0131003,0909IbnMabrid.DurrNaqi,1,122
Sham19Y0131336,0458Bayhaqi.Khilafiyyat,11,1457
Sham19Y0131521,0844IbnHusaynIbnRaslanRamli.SharhSunanAbiDawud,28,3638
Sham19Y0132415,0893IbnIsmacilShihabDinKurani.DurarLawamic,1,139
Sham19Y0132524,0656AbuCabbasAnsariQurtubi.Mufhim,12,1568
Sham19Y0132618,1103IbnCabdRasulBarzanji.Ishaca,1,219
Sham19Y0132620,0538JarAllahZamakhshari.RuusMasail,2,160
Sham19Y0132962,0874BadrDinIbnQadiShuhba.BidayatMuhtaj,2136,480523
Sham19Y0132965,1025IbnQadiMaknasi.DurratHijal,3,413
Sham19Y0132974,0799IbnFarhun.IrshadSalik,1,101
Sham19Y0133411,0756CadudDinIji.SharhCadud,1,147
Sham19Y0145212,1052CabdHaqqDihlawi.LumcatTanqih,13,1877
Sham19Y0146127,0748Dhahabi.Muhadhdhab,24,3525
Sham19Y0147104,0756TaqiDinSubki.Ibhaj,2,340
Sham19Y0147311,1083IbnBalbanDimashqi.MukhtasarIfadat,1,214
Sham19Y0147313,0805BahramDamiri.TahbirMukhtasar,2,275
Sham19Y0147658,1051IbnYunusBuhutiHanbali.RawdMurbic,2,268
Sham19Y0147671,0772IbnHasanJamalDinIsnawi.MatalicDaqaiq,3,352
Sham19Y0148271,0597IbnJawzi.JamicMasanid,1,124
Sham19Y0148486,0458Bayhaqi.SunanKubra,26,3689
Sham19Y0149697,1302IbnSalimMajlisi.LawamicDurar,4,500
Sham19Y0150960,1150IbnCaqila.Ziyada,1,135
Sham19Y0150961,1125AhmadManqur.FawakihCadida,1,152
Sham20Y0014596,1450Burnu.MawsucatQawacidFiqhiyya,1,155
Sham20Y0021786,1450Zuhayli.QawacidFiqhiyya,1,88
ShamAY0000351,0728IbnTaymiyya.Hisba,1,170
ShamAY0001760,1450MuhammadIsmacilMuqaddam.CuluwwHimma,3,728
ShamAY0007299,1408JawadCali.MufassalFiTarikhCarab,1,176
ShamAY0031687,0311IbnKhuzaymaNaysaburi.Sahih,4,548
ShamAY0031806,0422QadiCabdWahhabThaclabi.Macuna,1,76
ShamAY0032665,0316IbnIshaqIsfaraini.Mustakhraj,6,861
ShamAY0032798,0533IbnTahirAbuQasimShahhami.Ahadith,1,149
ShamAY0032826,0852IbnHajarCasqalani.GharaibMinMusannadFirdaws,1,129
ShamAY0032940,0265CaliIbnHarbTai.Juz,1,152
ShamAY0033075,0879IbnQutlubugha.TakhrijAhadith,2,271
ShamAY0033181,1014MullaCaliQari.FathBabCinaya,14,2124
ShamAY0033182,1304CabdHayyLaknawi.CumdatRicaya,2,297
ShamAY0033522,0911Suyuti.TanwirHawalik,2,329
ShamAY0033531,1329MuhammadAshrafCazimabadi.CawmMacbud,3,366
ShamAY0033910,0911Suyuti.SharhSunanNasai,3,436
ShamAY0033945,0405HakimNaysaburi.Mustadrak,5,675
ShamAY0033975,0702IbnDaqiqCidQushayri.IlmamBiAhadith,5,705
ShamAY0034005,0517AbuNucaymHaddadIsbahani.JamicSahihayn,7,937
ShamAY0034011,0795IbnRajabHanbali.SharhCilalTirmidhi,1,101
ShamAY0034059,1127IsmacilHaqqiBurusawi.RuhBayan,1,218
ShamAY0034068,0977KhatibShirbini.SirajMunir,21,4542
ShamAY0034134,0852IbnHajarCasqalani.NataijAfkar,5,943
ShamAY0034179,0911Suyuti.KawkabSatic,2,351
ShamAY0034195,1346CabdQadirBadran.MadkhalIlaMadhhabAhmad,1,85
ShamAY0034204BK1,0970IbnIbrahimIbnNujaymMisri.BahrRaiq,1,118
ShamAY0034208,0616BurhanDinBukhari.MuhitBurhani,1,110
ShamAY0034227,0954HattabRucayniMaghribi.MawahibJalil,1,170
ShamAY0034249,0450AbuHasanMawardi.HawiKabir,8,1353
ShamAY0034251BK1,0911Suyuti.MinhajSawi,19,3733
ShamAY0034251BK3,0676Nawawi.RawdatTalibin,433,73316
ShamAY0034263,0624IbnIbrahimBahaDinMuqaddasi.CuddaSharhCumda,2,341
ShamAY0034274,1176ShahWaliAllahDihlawi.HujjatAllahBaligha,3,471
ShamAY0034282,0319IbnMundhirNaysaburi.AwsatFiSunan,2,279
ShamAY0034293,1103IbnCabdRasulBarzanji.Sanan,1,136
ShamAY0034371,0728IbnTaymiyya.MajmucatRasailWaMasail,2,395
ShamAY0034392,0728IbnTaymiyya.SharhCaqidaIsfahaniyya,1,168
ShamAY0034447,0842IbnNasirDinDimashqi.JamicAthar,1,116
ShamAY0034637,0772IbnHasanJamalDinIsnawi.TabaqatShaficiyya,1,116
ShamAY0034797,0505Ghazali.MajmucatRasail,1,203
ShamAY0035003,0746CalaDinMaqdisi.Lubab,1,138
ShamAY0035035,1205MurtadaZabidi.IthafSada,41,6844
ShamAY0035220,0327IbnAbiHatimRazi.CilalHadith,2,204
ShamAY0035249,0303Nasai.CishratNisa,1,284
ShamAY0035250,0695IbnAbiJamra.MukhtasarSahihBukhari,1,118
ShamAY0035792,1450CaliIbnNayifShuhud.MashahirAclamMuslimin,1,162
ShamAY0035950,0911Suyuti.Shafi,1,123
ShamAY0035955,1317KhayrDinAlusi.FajrSatic,1,58
ShamAY0036000,1304CabdHayyLaknawi.IhkamQantara,1,141
ShamAY0036002,1304CabdHayyLaknawi.AkamNafaish,1,119
ShamAY0036014,1304CabdHayyLaknawi.ImamKalam,1,153
ShamAY0037109,1209SulaymanBakShawi.SakabAdab,1,116
ShamAY0037574,1125AnsariLaknawi.FawatihRahmut,2,257
ShamAY0038067,0227IbnMansurKhurasani.Sunan,1,58
ShamAY0038201,0926ZakariyyaAnsari.HashiyaCalaSharhJamcJawamic,5,770
ShamAY0038313,1083IbnBalbanDimashqi.KafiMubtadi,1,184
ShamAY0038405,0817MajdDinFiruzabadi.Maghanim,3,472
ShamAY0038409,0988QutbDinNahrawani.TarikhMadina,1,192
ShamAY0038413,0816AbuBakrMaraghi.TahqiqNusra,1,105
ShamIbadiyya0000074,1200CabdAllahIbnBashirHadrami.KawkabDurri,3,329
ShamIbadiyya0000109,1332QutbAtfayyish.SharhNilWaShifaCalil,2,390
ShamIbadiyya0000129,0364AbuHasanBisyawi.Jamic,1,121
ShamIbadiyya0000185,1090KhamisShiqsi.MinhajTalibin,1,122
ShamIbadiyya0000200,1332NurDinSalimi.TalqinSubyan,1,178
ShamIbadiyya0000229,1332NurDinSalimi.MacarijAmal,8,1205
ShamIbadiyya0000276,1332QutbAtfayyish.JamicSaghir1,1,177
ShamIbadiyya0000433,1332NurDinSalimi.SharhJamicSahih,2,249
ShamIbadiyya0000487,1332NurDinSalimi.HujjajMuqannaca,1,110
Shamela0000041,0510IbnMascudBaghawi.Tafsir,5,884
Shamela0000137,0795IbnRajabHanbali.FathBariFiSharhSahihBukhari,2,229
Shamela0000170,0728IbnTaymiyya.JawabSahih,1,127
Shamela0000216,0751IbnQayyimJawziyya.WabilSayyib,1,272
Shamela0000317,0902Sakhawi.ManhalCadhb,30,5478
Shamela0000321,0724IbnCattar.TuhfatTalibin,27,5578
Shamela0000347,0852IbnHajarCasqalani.TaghliqTacliq,2,198
Shamela0000427BK2,0855BadrDinCayni.BinayaSharhHidaya,8,1196
Shamela0000432,1450DarIftaMisriyya.FatawaDarIfta,4,517
Shamela0000482,0386AbuTalibMakki.QutQulub,1,186
Shamela0000497,0676Nawawi.MasailManthura,1,183
Shamela0000551,1122MuhammadZurqani.SharhCalaMuwatta,4,515
Shamela0000727,0468IbnMuhammadMihrawani.Fawaid,2,236
Shamela0000736,0463KhatibBaghdadi.TarikhBaghdad,1,103
Shamela0000767,0456IbnHazm.MuhallaBiAthar,11,1789
Shamela0000791,0911Suyuti.MisbahZujaja,1,107
Shamela0000894,1450MawqicIslam.Fatawa,5,627
Shamela0000963,1310BakriDimyati.HashiyaIcanaTalibin,125,18558
Shamela0000976,0911Suyuti.LumacFiAsbabHadith,1,151
Shamela0001003,0764IbnShakirKutubi.FawatWafayat,2,306
Shamela0001249,0331IbnMukhalladCattar.MaRawaAkabir,1,148
Shamela0001404,0885BurhanDinBiqaci.MasacidNazar,1,113
Shamela0001438,1450DarIftaMisriyya.JamicAhadith,8,1157
Shamela0001442,0388AbuSulaymanKhattabi.MacalimSunan,5,705
Shamela0001515,1290RifacaTahtawi.NihayatIjaz,1,113
Shamela0001535,1069ShihabDinKhafaji.HashiyaCalaTafsirBaydawi,1,151
Shamela0001665,0702IbnDaqiqCidQushayri.IhkamAhkamSharhCumdatAhkam,1,179
Shamela0001673,0852IbnHajarCasqalani.FathBari,2,238
Shamela0001680,0412Sulami.SualatLiDaruqutni,2,179
Shamela0001717,0684ShihabDinQarafi.Dhakhira,3,400
Shamela0001719,0463IbnCabdBarr.TamhidMuwatta,5,673
Shamela0001727,0261Muslim.Sahih,15,2327
Shamela0001733,0360Tabarani.MucjamKabir,3,370
Shamela0001875,0643DiyaDinMuqaddasi.SunanWaAhkamCanMustafa,24,3487
Shamela0001975,0911Suyuti.FathKabir,3,318
Shamela0002022,0606FakhrDinRazi.Mahsul,2,303
Shamela0002300,1421MuhammadCuthaymin.FatawaNurCalaDarb,1,102
Shamela0002573,1158IbnCaliFaruqiTahanawi.KashshafIstalahat,1,134
Shamela0002863,0458Bayhaqi.MacrifatSunanWaAthar,14,2104
Shamela0003118,0711IbnManzurIfriqi.MukhtasarTarikhDimashq,2,251
Shamela0003125,0251IbnMansurKawsaj.Masail,1,104
Shamela0003283,0911Suyuti.HusnMuhadara,2,472
Shamela0003565,1004ShamsDinRamli.NihayatMuhtaj,1356,239725
Shamela0003722,0742Mizzi.TahdhibKamal,1,103
Shamela0004289,0581IbnKharratIshbili.AhkamSharciyya,9,1408
Shamela0004445,0774IbnKathir.Bidaya,1,92
Shamela0004473,1450JamicaIslamiyya.MajallaJIMN,11,1851
Shamela0005539,0854IbnDiyaMakki.TarikhMakka,1,134
Shamela0005610,0151MacmarIbnRashid.Jamic,1,130
Shamela0005756,0855BadrDinCayni.CumdatQari,17,2212
Shamela0005772,0683IbnMunayyir.Mutawari,2,280
Shamela0005922,0804IbnMulaqqin.BadrMunir,31,5066
Shamela0005923,0628IbnQattanFasi.BayanWahm,2,209
Shamela0005968,0702IbnDaqiqCidQushayri.Iqtirah,1,129
Shamela0006094,0884AbuIshaqIbnMuflih.NukatWaFawaid,1,137
Shamela0006120,0450AbuHasanMawardi.IqnacFiFiqh,1,205
Shamela0006125,0918BafadlHadrami.MuqaddimaHadramiyya,2,308
Shamela0006128,0505Ghazali.Wasit,3,318
Shamela0006133,0794BadrDinZarkashi.KhabayaZawaya,1,136
Shamela0006136,1004ShamsDinRamli.GhayatBayan,435,91884
Shamela0006140,0829TaqiDinDimashqiHisni.KifayatAkhyar,41,6732
Shamela0006146,1316IbnCumarBantaniJawi.NihayatZayn,52,7867
Shamela0006172,0880IbnAhmadShamsDinAsyuti.JawahirCuqud,33,7851
Shamela0006227,0699ShihabDinIshbiliLakhmi.MukhtasarKhilafiyyat,6,1044
Shamela0006289,0772IbnHasanJamalDinIsnawi.TamhidFiTakhrijFuruc,3,469
Shamela0006366,1450CabdKarimKhudayr.SharhMuharrir,9,1460
Shamela0006446,0535QawwamSunna.HujjaFiBayanMahajja,1,81
Shamela0006590,0911Suyuti.KhasaisKubra,1,121
Shamela0006610,1276IbnAhmadRibaciSancani.FathGhaffar,20,2572
Shamela0006739,0771TajDinSubki.TabaqatShaficiyyaKubra,5,978
Shamela0006848,0748Dhahabi.Kabair,1,154
Shamela0006947,1354RashidRida.Manar,4,631
Shamela0007264,1250Shawkani.DarariMudiyya,8,908
Shamela0007289,0728IbnTaymiyya.MajmucFatawa,6,962
Shamela0007342,1250Shawkani.SaylJarrar,7,812
Shamela0007360,0968IbnAhmadAbuNajaHajjawi.Iqnac,1,123
Shamela0007534,0773IbnIshaqSirajDinGhaznawi.GhurraMunifa,1,95
Shamela0007566,1250Shawkani.BahthMusaffir,1,137
Shamela0007891,0510IbnMascudBaghawi.SharhSunna,14,1919
Shamela0008176,1014MullaCaliQari.MirqatMafatih,23,3417
Shamela0008203,0458Bayhaqi.Adab,1,139
Shamela0008218,0256Bukhari.QiraaKhalfaImam,1,122
Shamela0008360,0741KhatibTabrizi.MishkatMasabih,9,1441
Shamela0008362,0832TaqiFasi.ShifaGharam,1,167
Shamela0008381,1450LajnaDaima.Fatawa,7,790
Shamela0008463,0620IbnQudamaMaqdisi.Mughni,16,2309
Shamela0008526,0803IbnLahhamCalaDinBacli.Qawacid,1,153
Shamela0008534,0415IbnMuhammadMahamili.LubabFiFiqhShafici,4,759
Shamela0008540,0855BadrDinCayni.SharhSunanAbiDawud,6,721
Shamela0008544,0762MughultayIbnQilij.SharhSunanIbnMaja,1,149
Shamela0008634,0771TajDinSubki.AshbahWaNazair,1,102
Shamela0008648,1147IbnSharafDinKhalili.FatawaKhalili,8,1358
Shamela0008657,0694MuhibbDinTabari.RiyadNadira,1,103
Shamela0008658,0327IbnAbiHatimRazi.Tafsir,2,260
Shamela0009059BK1,0974IbnHajarHaytami.TuhfatMuhtaj,915,154266
Shamela0009059BK2,1118CabdHamidShirwani.HashiyaCalaTuhfatMuhtaj,97,13539
Shamela0009059BK3,0992IbnQasimCibadi.HashiyaCalaTuhfatMuhtaj,14,1935
Shamela0009091,0768Yafici.MiratJinan,2,302
Shamela0009096,0515IbnHibatAllah.MajmucLatif,1,123
Shamela0009200,0418HibatAllahLalikai.SharhUsulIctiqad,1,82
Shamela0009242,1250Shawkani.NaylAwtar,19,2553
Shamela0009279,0977KhatibShirbini.KhisalMukaffira,1,131
Shamela0009371,0571IbnCasakir.ArbacunaMinMusawat,2,276
Shamela0009567,0807NurDinHaythami.GhayatMaqsad,1,94
Shamela0009642,0543IbnIbrahimHamadhaniJurqani.Abatil,1,198
Shamela0009698,0399IbnAbiZamanaynIlbiri.RiyadJanna,1,119
Shamela0009702,0676Nawawi.TahdhibAsma,3,388
Shamela0009790,0789IbnMuhammadKhuzaci.TakhrijDalalat,1,116
Shamela0009795,0930IbnCumarBahraqHadrami.HadaiqAnwar,2,248
Shamela0009801,0974IbnHajarHaytami.DurrMandud,20,5199
Shamela0009804,1304CabdHayyLaknawi.TacliqMumajjad,2,299
Shamela0009810,1138IbnCabdHadiNurDinSindi.HashiyaCalaIbnMajah,2,240
Shamela0009823,0956IbnCumarShamsDinSafiri.MajalisWacziyya,6,671
Shamela0009851,0478ImamHaramaynJuwayni.NihayatMatlab,3,532
Shamela0009873,1044IbnBurhanDinHalabi.SiraHalabiyya,5,643
Shamela0009973,0974IbnHajarHaytami.ManhajQawim,27,3782
Shamela0009978,0774IbnKathir.TuhfatTalib,3,470
Shamela0010049,0868IbnCumarBulqini.TuhfatAmin,1,181
Shamela0010103,0733IbnJamacaBadrDinHamawi.TanqihMunazara,1,70
Shamela0010437,0597IbnJawzi.MuthirGharam,1,192
Shamela0010463,0795IbnRajabHanbali.RawaicTafsir,1,111
Shamela0010480,0643DiyaDinMuqaddasi.AhadithMukhatara,1,97
Shamela0010517,1450MusaCaffana.Fatawa,9,1429
Shamela0010526,0729IbnMuhammadDiyaDinQurashi.MacalimQurba,3,816
Shamela0010639,0676Nawawi.Adhkar,3,706
Shamela0010657,0744IbnCabdHadi.TanqihTahqiq,5,685
Shamela0010664,0808MuhammadDamiri.HayatHayawanKubra,1,154
Shamela0010747,0911Suyuti.LumcaFiKhasaisJumca,1,134
Shamela0010803,0510IbnMascudBaghawi.AnwarFiShamailNabi,1,91
Shamela0010906,0748Dhahabi.SiyarAclamNubala,1,159
Shamela0011026,0655CabdMuncimTaqiDinShafici.Fawaid,1,143
Shamela0011036,0806IbnHusaynZaynDinCiraqi.TarhTarthib,12,1565
Shamela0011137,0676Nawawi.IctiqadSalafFiHuruf,4,819
Shamela0011327,0987ZaynDinMalibari.FathMucin,33,4671
Shamela0011370,0593IbnHusaynShihabDinIsbahani.GhayaWaTaqrib,1,380
Shamela0011385,0742Mizzi.TuhfatAshraf,2,250
Shamela0011428,0762IbnYusufZaylaci.NasbRaya,12,2075
Shamela0011433,0385IbnMuhandis.HadithAbiQasimCafiya,1,160
Shamela0011444BK1,0676Nawawi.MinhajTalibin,1402,372477
Shamela0011444BK2,0977KhatibShirbini.MughniMuhtaj,1997,405744
Shamela0011446,0855IbnFaramurzMullaKhusraw.DurarHukkam,2,225
Shamela0011468BK1,0926ZakariyyaAnsari.AsnaMatalib,369,63499
Shamela0011468BK2,0957ShihabDinRamli.HashiyaCalaAsnaMatalib,13,1928
Shamela0011498,0756TaqiDinSubki.Fatawa,1,123
Shamela0011577,1170IbnMuhammadMahalliMisri.MazidNicma,1,79
Shamela0011758,0565IbnFunduqBayhaqi.TarikhBayhaq,1,190
Shamela0011816,0803IbnMusaJamalDinMalati.MuctasarMinMukhtasar,1,160
Shamela0011993,1231IbnMuhammadHanafiTahtawi.HashiyaCalaMaraqi,3,438
Shamela0012001,1300CabdHadiIbnMuhammadCujayli.TahqiqTajrid,3,375
Shamela0012014,0676Nawawi.RiyadSalihin,2,389
Shamela0012036,0926ZakariyyaAnsari.FathWahhab,1089,237721
Shamela0012052,0763IbnMuflihHanbaliMuqaddasi.FurucWaTashihFuruc,4,438
Shamela0012062,0909IbnMabrid.MahdSawab,1,168
Shamela0012076,1089IbnCimad.MuctiyatAman,3,735
Shamela0012220,0852IbnHajarCasqalani.ItrafMusnadMuctali,1,78
Shamela0012227BK2,1252IbnCabidinDimashqi.MinhatKhaliq,1,200
Shamela0012293,1421MuhammadCuthaymin.MajmucFatawa,8,1014
Shamela0012317,0562Samcani.Ansab,1,104
Shamela0012398,1089IbnCimad.Shadharat,8,1152
Shamela0012399,1450CabdKarimKhudayr.SharhMuwattaMalik,3,482
Shamela0012415,0458Bayhaqi.SunanSaghir,10,1408
Shamela0012718,0505Ghazali.BidayatHidaya,1,194
Shamela0012722,0726Yunini.DhaylMiratZaman,5,827
Shamela0012844,0324IbnMuhammadNaysaburi.Ziyadat,2,378
Shamela0012860,0774IbnKathir.TabaqatFuqahaShaficiyyin,1,108
Shamela0012884,0911Suyuti.DurrManthur,5,746
Shamela0012981,0292AbuBakrBazzar.BahrZakhkhar,3,383
Shamela0013032,0294IbnNasrMarwazi.Sunna,1,120
Shamela0013129,0844IbnRassamHamawi.ArbacunaMinAhadithNabawiyya,1,226
Shamela0013132,0364IbnSunniDinawari.CamalYawmWaLayl,1,132
Shamela0021495,0204Shafici.Musnad,3,356
Shamela0021502,0785IbnMuhammadShamsDinManbiji.TasliyatAhlMasaib,1,136
Shamela0021537,1420IbnBaz.MajmucFatawa,1,102
Shamela0021547,0864IbnAhmadJalalDinMahalli.SharhWaraqatFiUsulFiqh,2,332
Shamela0021553,0804IbnMulaqqin.TadhkiraFiFiqhShafici,2,268
Shamela0021588,1098IbnMuhammadShihabDinHamawi.GhamzCuyun,1,133
Shamela0021590,1182IbnIsmacilSancani.SubulSalam,12,2117
Shamela0021592,0794BadrDinZarkashi.ManthurFiQawacid,3,329
Shamela0021596,0800IbnCaliYamaniZabidi.JawharaNayyira,1,80
Shamela0021598,1204SulaymanJamal.Hashiya,1152,211012
Shamela0021599,1221IbnMuhammadBujayrimiMisri.TuhfatHabib,353,54077
Shamela0021604,1230IbnAhmadDasuqi.HashiyatCalaSharhKabir,1,171
Shamela0021605,0879IbnMuhammadIbnAmirHajj.TaqrirWaTahbir,5,672
Shamela0021608,1250IbnMuhammadCattarShafici.HashiyaCalaJamcJawamic,3,501
Shamela0021611,0897IbnYusufCabdariGharnati.TajWaIklilLiMukhtasarKhalil,1,109
Shamela0021614,1299MuhammadCulayshMaliki.MinahJalil,1,157
Shamela0021619BK2,0884AbuIshaqIbnMuflih.MubdicFiSharhMuqnic,9,1285
Shamela0021623,0957ShihabDinRamli.FatawaRamli,8,1131
Shamela0021640,1090NizamDinBalkhi.FatawaHindiyya,1,223
Shamela0021642,1051IbnYunusBuhutiHanbali.KashshafQinac,7,928
Shamela0021644,1078ShaykhiZadahDamadAfandi.MajmacAnhur,1,186
Shamela0021659,0911Suyuti.SahihWaDacif,3,322
Shamela0021660,1031CabdRaufMunawi.FaydQadir,5,735
Shamela0021677,1243IbnSacdRahyabaniSuyuti.MatalibUliNuha,6,797
Shamela0021693,1051IbnYunusBuhutiHanbali.SharhMuntahaIradat,6,747
Shamela0021713,0751IbnQayyimJawziyya.ZadMacad,4,635
Shamela0021715,0923AhmadQastallani.IrshadSari,120,22130
Shamela0021719,0911Suyuti.Ashbah,7,1014
Shamela0021721,0558IbnAbiKhayrCimraniYamani.BayanFiMadhhabShafici,9,1518
Shamela0021723,0911Suyuti.HawiLiFatawi,2,261
Shamela0021731,0620IbnQudamaMaqdisi.KafiFiFiqh,4,515
Shamela0021739,0595IbnRushdHafid.BidayatMujtahid,3,426
Shamela0021743,0772ShamsDinHanbaliZarqashi.SharhCalaMukhtasarKhiraqi,9,1317
Shamela0021744,0861IbnHumam.FathQadir,6,943
Shamela0021765,0840ShihabDinBusiri.IthafKhayra,1,118
Shamela0021766,1225ThanaAllahPanipati.TafsirMazhari,10,1522
Shamela0021809,0774IbnKathir.JamicMasanid,3,263
Shamela0021843,1069ShihabDinQalyubi.HashiyataQalyubiWaCumayra,3559,1317163
Shamela0021848BK1,0926ZakariyyaAnsari.GhurarBahiyya,366,61737
Shamela0021848BK2,0992IbnQasimCibadi.HashiyaCalaGhurarBahiyya,12,1488
Shamela0021848BK3,1326CabdRahmanShirbini.HashiyaCalaGhurarBahiyya,16,2463
Shamela0022547,0321Tahawi.SharhMushkilAthar,1,75
Shamela0022644,1450CabdKarimKhudayr.SharhBulughMaram,11,1614
Shamela0022848,0748Dhahabi.TanqihTahqiq,1,127
Shamela0022882,0761IbnKaykaldiCalai.ItharatFawaid,1,114
Shamela0023100,0317AbuQasimBaghawi.MucjamSahaba,1,67
Shamela0023422,1450CabdKarimKhudayr.SharhKitabHajj,10,1301
Shamela0023628,0741KhazinBaghdadi.LubabTawil,5,986
Shamela0023644,0407IbnMuhammadKharkushi.SharafMustafa,1,143
Shamela0023685,0923AhmadQastallani.MawahibLaduniyya,4,787
Shamela0023695,0911Samhudi.WafaWafa,3,445
Shamela0023700,0630IbnAthirCizzDin.UsdGhaba,1,131
Shamela0025794,0241IbnHanbal.Musnad,6,715
Shamela0025800,0606IbnAthirMajdDin.MucjamJamic,19,3024
Shamela0026324,0852IbnHajarCasqalani.IthafMahara,4,467
Shamela0026535,1270IbnMuhammadDawcaniHadrami.SharhMuqaddimaHadramiyya,22,3459
Shamela0026568,1122MuhammadZurqani.SharhCalaMawahib,5,1075
Shamela0026662,0642IbnNajjar.DurraThamina,1,167
Shamela0026865,0197IbnWahbQurashi.MuwattaIbnWahb,2,378
Shamela0026878,0581AbuMusaMadini.Lataif,1,165
Shamela0026884,0535QawwamSunna.TarghibWaTarhib,1,172
Shamela0027083,1118IbnMuhammadNuriSafaqsi.GhaythNafc,1,103
Shamela0027084,0945ShamsDinDawudi.TabaqatMufassirin,2,240
Shamela0028107,0179MalikIbnAnas.Muwatta,2,329
Shamela0028168,0894CabdRahmanSufuri.NuzhatMajalis,3,586
Shamela0029878BK2,0805SirajDinBulqini.MahasinIstilah,1,151
Shamela0029967,1450MuhammadCijajKhatib.AbuHurayra,1,125
Shamela0031372,0911Samhudi.KhulasatWafa,2,349
Shamela0035100,0748Dhahabi.TarikhIslam,12,1831
Shamela0035120,0918IbnQasimShamsDinGhazzi.FathQarib,13,1645
Shamela0036446,1094IbnSulaymanRudani.JamcFawaid,14,2278
Shamela0036543,1250Shawkani.FathRabbaniMinFatawa,1,108
Shamela0036558,0790IbnMusaGharnatiShatibi.Ictisam,2,301
Shamela0037325,1450Maghrawi.MawsucatMawaqifSalaf,3,494
Shamela0037344,0769IbnLuluShihabDinIbnNaqibShafici.CumdatSalik,3,717
Shamela0037458,1307Qannawji.FathBayan,1,97
Shamela0037837,0435MuhallabAndalusi.MukhtasarNasih,5,719
Shamela0038149,0816IbnMuhammadSharifJurjani.Nahw,1,182
Shamela0096232,0676Nawawi.IdahFiManasikHajj,10,1598
Shamela0096283,0893IbnAhmadZaynDinSharji.TajridSarih,1,115
Shamela0096551,0804IbnMulaqqin.MustadrakDhahabi,1,140
Shamela0117359,0275AbuDawudSijistani.Sunan,15,2226
Shamela0121376,0536IbnCaliMazariTamimi.SharhTalqin,1,117
Shamela19Y0145334,0845Maqrizi.Muqaffa,1,101
Shia000024,0448SallarIbnCabdCaziz.MarasimCalawiyya,1,165
Shia000025,0460ShaykhTusi.Iqtisad,1,116
Shia000042,0460ShaykhTusi.MisbahMutahajjad,1,148
Shia000055Vols,0676IbnHasanMuhaqqiqHilli.MuctabarFiSharhMukhtasar,1,154
Shia000057Vols,0676IbnHasanMuhaqqiqHilli.SharaicIslam,1,194
Shia000089Vols,0726CallamaHilli.TadhkiratFuqaha,47,6294
Shia000107Vols,0726CallamaHilli.MuntahaMatlab,1,90
Shia000109Vols,0726CallamaHilli.NihayatAhkam,12,2036
Shia000115,0786ShahidAwwal.Alfiyya,1,178
Shia000117Vols,0786ShahidAwwal.Durus,1,66
Shia000120,0786ShahidAwwal.LumcaDimashqiyya,1,59
Shia000125,0841JamalDinIbnFahdHilli.RasailCashar,1,133
Shia000134VolsBK2,0940IbnHusaynMuhaqqiqThaniKaraki.JamicMaqasid,3,465
Shia000153Vols,0965ShahidThani.RawdaBahiyya,8,1208
Shia000163VolsBK2,0966ShahidThani.MasalikAfham,10,1434
Shia000204Vols,1009MuhammadCamili.NihayatMaram,1,90
Shia000220Vols,1137IbnHasanBahaDinIsbahani.KashfLitham,1,112
Shia000233,1180CabdAllahJazairi.TuhfaSaniyya,1,139
Shia000234Vols,1186YusufBahraniMuhaqqiq.HadaiqNadira,2,174
Shia000261Vols,1216HusaynBahraniAlCusfur.TatimmatHadaiq,2,487
Shia000263Vols,1226MuhammadJawadCamili.MiftahKarama,1,96
Shia000275Vols,1228JacfarKashifGhita.KhashfGhita,1,152
Shia000277Vols,1231SayyidCaliTabatabai.RiyadMasail,3,597
Shia000317Vols,1266MuhammadHasanNajafiJawahiri.JawahirKalam,5,792
Shia000820Vols,0204Shafici.Umm,5,1085
Shia000828,0264IbnYahyaMuzani.Mukhtasar,2,511
Shia000841Vols,0676Nawawi.Majmuc,140,22666
Shia000918Vols,1201AhmadDardidAbuBarakat.SharhKabir,1,171
Shia001237Vols,1320NuriTabarsi.MustadrakWasail,1,113
Shia001395Vols,0910IbnAbiJumhurAhsai.CawaliLaali,2,344
Shia001399,0905IbnCaliTaqiDinKafcami.Misbah,1,177
Shia001432Vols,1111Majlisi.BiharAnwar,3,486
Shia001555Vols,1306HamidHusaynLakhnawi.KhulasatCabaqatAnwar,1,124
Shia001731Vols,0273IbnMaja.Sunan,2,246
Shia001764Vols,0676Nawawi.MinhajFiSharhMuslim,12,2231
Shia001831Vols,0911Suyuti.DibajCalaMuslim,2,358
Shia001919,0246AhmadDawraqi.MusnadSacdIbnAbiWaqqas,1,129
Shia001976Vols,0307AbuYaclaMawsili.Musnad,1,89
Shia002119Vols,0463IbnCabdBarr.IstidhkarJamic,5,781
Shia002158,0463KhatibBaghdadi.KifayaFiCilmRiwaya,1,150
Shia002185Vols,0656IbnAbiHadid.SharhNahjBalagha,1,141
Shia002231Vols,0807NurDinHaythami.MawaridZaman,1,158
Shia002240Vols,0852IbnHajarCasqalani.DirayaFiTakhrijAhadithHidaya,3,437
Shia002261Vols,0911Suyuti.JamicSaghir,1,103
Shia002264,0973CabdWahhabShacrani.CuhudMuhammadiyya,2,311
Shia002265Vols,0975MuttaqiHindi.KanzCummal,7,922
Shia002294Vols,1162IbnMuammadAbuFidaCajluni.KashfKhafa,1,117
Shia002616Vols,0671AbuCabdAllahQurtubi.JamicLiAhkamQuran,4,532
Shia002702Vols,1270ShihabDinAlusi.RuhMacani,6,915
Shia002924Vols,0631SayfDinAmidi.IhkamFiUsulAhkam,1,127
Shia003356Vols,1067HajjiKhalifa.KashfZunun,1,151
Shia003362Vols,1339IsmacilBashaBaghdadi.HadiyatCarifin,1,325
Shia003732Vols,0942IbnYusufShami.SubulHuda,12,2098
Shia004012,0700MuhammadIbnMuhammadSabzawari.MacarijYaqin,1,162
Shia004049,1261IbrahimKilbasiIsbahani.MinhajHidaya,1,169
Shia004456Vols,1450Milani.NafahatAzhar,2,281
Shia004509,0756TaqiDinSubki.ShifaSiqam,2,325
Tafsir06049,1332QutbAtfayyish.HamayanZad,2,272
Tafsir07055,1393MuhammadAminShanqiti.AdwaBayan,10,1384
Zaydiyya0000010,0566MutawakkilAhmad.UsulAhkam,1,139
Zaydiyya0000054,1439HamudCabbasMuayyad.NurAsna,1,114
Zaydiyya0000061,1390AhmadIbnQasimCanasi.TajMudhhab,2,369
Zaydiyya0000072,1428MajdDinMuayyadi.HajjWaCumra,1,226
Zaydiyya0000080,1431BadrDinHuthi.TahrirAfkar,1,147
Zaydiyya0000142,1390CabdHusaynAmini.Ghadir,3,376
Zaydiyya0000162,0749MuayyadYahya.Intisar,3,601
Zaydiyya0000259,0667CabdAllahIbnZaydCanasi.Irshad,1,91
Zaydiyya0000260,0749MuayyadYahya.JawahirDurriyya,1,116
Zaydiyya0000267,0411MuayyadAhmad.Tajrid,1,119
Zaydiyya0000353,0298HadiIlaHaqqYahya.DurarAhadithNabawiyya,1,132
Zaydiyya0000361,0662HusaynIbnBadrDin.ShifaUwam,2,232
Zaydiyya0000379,1317KhayrDinAlusi.JalaCaynayn,1,178
Zaydiyya0000407,1097CaliIbnSalahIbnCaliTabari.Kafil,2,303
Zaydiyya0000570BK3,1250Shawkani.HawashiCalaSharhAzhar,1,109